1
587	233	220
3
1	80.0	0.0	75.0	0.0	34.0	1.0	42.0	109.24189038544709
2	91.0	1.0	86.0	1.0	49.0	1.0	39.0	151.99919583750858
3	91.0	0.0	44.0	1.0	31.0	1.0	52.0	131.58494353004042
2
587	233	220
3
1	90.0	0.0	63.0	1.0	32.0	1.0	79.0	108.22462384829005
2	73.0	0.0	62.0	1.0	34.0	1.0	82.0	61.69695738222309
3	42.0	1.0	39.0	1.0	24.0	1.0	79.0	26.23065367168068
3
587	233	220
3
1	99.0	0.0	71.0	0.0	24.0	1.0	41.0	122.28582099312914
2	91.0	0.0	66.0	0.0	33.0	1.0	35.0	92.95351477679449
3	98.0	1.0	74.0	1.0	72.0	1.0	31.0	239.38367425236444
4
587	233	220
3
1	96.0	1.0	69.0	1.0	61.0	1.0	51.0	120.63737087242468
2	88.0	0.0	45.0	1.0	25.0	1.0	39.0	55.24546868311808
3	65.0	0.0	62.0	1.0	32.0	1.0	43.0	62.802399155162504
5
587	233	220
3
1	71.0	1.0	51.0	1.0	45.0	1.0	36.0	136.72869277694087
2	74.0	1.0	72.0	1.0	62.0	1.0	28.0	281.5712967845229
3	93.0	1.0	87.0	1.0	65.0	1.0	28.0	436.9962824505758
6
587	233	220
3
1	100.0	0.0	83.0	0.0	31.0	1.0	51.0	169.84898912945692
2	67.0	0.0	41.0	1.0	27.0	1.0	50.0	57.195393463440496
3	84.0	1.0	60.0	1.0	55.0	1.0	47.0	136.82220313516657
7
587	233	220
3
1	86.0	0.0	47.0	1.0	28.0	1.0	79.0	46.55976302796052
2	93.0	0.0	52.0	1.0	30.0	1.0	73.0	82.79684066965463
3	81.0	1.0	52.0	1.0	41.0	1.0	61.0	148.80872672807863
8
587	233	220
3
1	69.0	0.0	49.0	1.0	31.0	1.0	44.0	66.02944479512631
2	86.0	0.0	46.0	1.0	38.0	1.0	47.0	65.4587708009608
3	96.0	1.0	82.0	1.0	53.0	1.0	44.0	184.45702949980696
9
587	233	220
3
1	97.0	0.0	33.0	1.0	26.0	1.0	70.0	64.36536697651107
2	98.0	1.0	52.0	1.0	52.0	1.0	58.0	122.21193586172679
3	67.0	1.0	61.0	1.0	43.0	1.0	50.0	94.48572736274535
10
587	233	220
3
1	92.0	1.0	61.0	1.0	55.0	1.0	48.0	247.0962971986841
2	95.0	0.0	90.0	0.0	25.0	1.0	60.0	79.82692898427034
3	48.0	0.0	35.0	1.0	23.0	1.0	56.0	19.08972427146925
11
587	233	220
3
1	39.0	1.0	33.0	1.0	31.0	1.0	72.0	17.985838822592314
2	87.0	1.0	71.0	1.0	45.0	1.0	61.0	107.05584608626458
3	91.0	0.0	63.0	0.0	31.0	1.0	57.0	132.6500749971211
12
587	233	220
3
1	65.0	1.0	60.0	1.0	39.0	1.0	85.0	56.47023037428978
2	99.0	0.0	39.0	1.0	39.0	1.0	68.0	112.63775545144219
3	57.0	1.0	49.0	1.0	30.0	1.0	81.0	41.469005185385775
13
587	233	220
3
1	93.0	1.0	90.0	1.0	81.0	1.0	25.0	389.7444962989574
2	83.0	1.0	58.0	1.0	52.0	1.0	27.0	114.54726332366208
3	93.0	0.0	58.0	1.0	34.0	1.0	33.0	103.13149594639094
14
587	233	220
3
1	97.0	1.0	59.0	1.0	53.0	1.0	46.0	126.0290093381852
2	85.0	0.0	32.0	1.0	32.0	1.0	36.0	32.45345022395036
3	92.0	0.0	60.0	1.0	35.0	1.0	66.0	89.3765557795772
15
587	233	220
3
1	91.0	0.0	50.0	1.0	30.0	1.0	47.0	115.80301830510027
2	99.0	1.0	54.0	1.0	50.0	1.0	52.0	126.95499724314227
3	71.0	1.0	70.0	1.0	38.0	1.0	51.0	75.26385065639006
16
587	233	220
3
1	81.0	1.0	50.0	1.0	48.0	1.0	46.0	97.25824029060823
2	83.0	1.0	59.0	1.0	53.0	1.0	58.0	81.7506770741279
3	74.0	0.0	64.0	0.0	23.0	1.0	54.0	103.841539881872
17
587	233	220
3
1	73.0	1.0	45.0	1.0	45.0	1.0	44.0	100.02118199353377
2	90.0	0.0	48.0	1.0	35.0	1.0	30.0	115.96068470173563
3	93.0	1.0	82.0	1.0	73.0	1.0	34.0	249.52966871872877
18
587	233	220
3
1	81.0	1.0	67.0	1.0	47.0	1.0	67.0	163.2667689021975
2	99.0	0.0	67.0	0.0	23.0	1.0	65.0	98.40793834019838
3	52.0	0.0	40.0	1.0	26.0	1.0	54.0	24.668798933580497
19
587	233	220
3
1	83.0	1.0	72.0	1.0	44.0	1.0	61.0	127.87227057666693
2	88.0	0.0	50.0	1.0	39.0	1.0	66.0	116.67223450946113
3	62.0	0.0	28.0	1.0	20.0	1.0	77.0	19.232787088649555
20
587	233	220
3
1	87.0	1.0	85.0	1.0	66.0	1.0	35.0	191.6868483432493
2	97.0	0.0	35.0	1.0	25.0	1.0	31.0	40.25484649674278
3	92.0	0.0	64.0	1.0	35.0	1.0	48.0	135.4131246406187
21
587	233	220
3
1	57.0	0.0	39.0	1.0	27.0	1.0	89.0	35.86134037611925
2	70.0	0.0	70.0	0.0	29.0	1.0	106.0	53.022435817024125
3	71.0	1.0	46.0	1.0	39.0	1.0	76.0	93.02228478411801
22
587	233	220
3
1	78.0	0.0	77.0	0.0	21.0	1.0	50.0	69.02415807363579
2	87.0	1.0	81.0	1.0	76.0	1.0	41.0	316.5247234922374
3	59.0	0.0	26.0	1.0	20.0	1.0	48.0	10.393489867332834
23
587	233	220
3
1	83.0	1.0	60.0	1.0	47.0	1.0	31.0	83.3960488717411
2	96.0	0.0	28.0	1.0	23.0	1.0	28.0	33.21049506629669
3	98.0	1.0	98.0	1.0	70.0	1.0	31.0	427.5444086456883
24
587	233	220
3
1	89.0	1.0	75.0	1.0	61.0	1.0	47.0	242.6520953689231
2	91.0	0.0	63.0	0.0	24.0	1.0	51.0	96.45300152128945
3	94.0	0.0	42.0	1.0	25.0	1.0	39.0	48.17906418586583
25
587	233	220
3
1	87.0	1.0	67.0	1.0	53.0	1.0	51.0	147.71980251911748
2	94.0	0.0	42.0	1.0	31.0	1.0	48.0	62.35828028893736
3	79.0	0.0	67.0	0.0	30.0	1.0	52.0	96.13164876184337
26
587	233	220
3
1	86.0	0.0	73.0	0.0	22.0	1.0	81.0	101.27672988091717
2	95.0	0.0	62.0	0.0	21.0	1.0	72.0	91.45839771546034
3	99.0	0.0	80.0	0.0	21.0	1.0	60.0	123.52236178233032
27
587	233	220
3
1	76.0	0.0	62.0	1.0	34.0	1.0	33.0	103.67169703052947
2	100.0	0.0	55.0	1.0	34.0	1.0	36.0	96.77318795416824
3	100.0	1.0	87.0	1.0	79.0	1.0	26.0	377.6095724336697
28
587	233	220
3
1	87.0	0.0	84.0	0.0	29.0	1.0	53.0	122.62129081654611
2	87.0	0.0	68.0	1.0	42.0	1.0	46.0	117.90985890751682
3	66.0	1.0	63.0	1.0	59.0	1.0	30.0	82.07228957120442
29
587	233	220
3
1	97.0	0.0	59.0	1.0	44.0	1.0	40.0	101.49238454590349
2	48.0	0.0	46.0	0.0	23.0	1.0	41.0	21.868540037794823
3	97.0	1.0	72.0	1.0	57.0	1.0	45.0	193.50822254981432
30
587	233	220
3
1	100.0	1.0	83.0	1.0	72.0	1.0	36.0	264.0531394087906
2	85.0	0.0	46.0	1.0	39.0	1.0	37.0	89.81701965473893
3	61.0	0.0	48.0	0.0	20.0	1.0	49.0	21.007163339265656
31
587	233	220
3
1	85.0	1.0	74.0	1.0	46.0	1.0	34.0	209.40003340173013
2	100.0	0.0	64.0	1.0	35.0	1.0	41.0	89.44524563705886
3	99.0	0.0	75.0	1.0	45.0	1.0	33.0	143.14789904356326
32
587	233	220
3
1	68.0	0.0	45.0	1.0	23.0	1.0	53.0	27.52520439037829
2	89.0	1.0	77.0	1.0	73.0	1.0	40.0	280.2556874196459
3	82.0	0.0	67.0	0.0	30.0	1.0	38.0	85.48571818078129
33
587	233	220
3
1	72.0	0.0	41.0	1.0	28.0	1.0	154.0	57.07979558600735
2	72.0	0.0	40.0	1.0	30.0	1.0	122.0	48.90316024373989
3	86.0	0.0	26.0	1.0	24.0	1.0	127.0	36.74972788261312
34
587	233	220
3
1	94.0	1.0	71.0	1.0	67.0	1.0	35.0	265.2122869458007
2	80.0	1.0	66.0	1.0	52.0	1.0	42.0	153.26780152797053
3	75.0	0.0	42.0	1.0	24.0	1.0	36.0	41.46136271893544
35
587	233	220
3
1	81.0	1.0	64.0	1.0	52.0	1.0	47.0	151.8506226379885
2	72.0	1.0	69.0	1.0	61.0	1.0	43.0	181.07496880984084
3	64.0	1.0	55.0	1.0	40.0	1.0	31.0	93.43125292013421
36
587	233	220
3
1	100.0	1.0	91.0	1.0	78.0	1.0	29.0	427.826544117306
2	63.0	0.0	62.0	0.0	22.0	1.0	29.0	57.946558922015726
3	72.0	1.0	54.0	1.0	39.0	1.0	42.0	104.71258161582968
37
587	233	220
3
1	56.0	0.0	39.0	1.0	23.0	1.0	109.0	32.75976173023332
2	81.0	0.0	54.0	0.0	22.0	1.0	112.0	59.37068079872507
3	82.0	0.0	71.0	0.0	25.0	1.0	95.0	94.14042690610603
38
587	233	220
3
1	59.0	1.0	40.0	1.0	37.0	1.0	73.0	84.86947433879898
2	95.0	0.0	68.0	0.0	25.0	1.0	56.0	96.58248368047369
3	79.0	0.0	66.0	1.0	39.0	1.0	72.0	168.85349906177615
39
587	233	220
3
1	76.0	0.0	40.0	1.0	29.0	1.0	118.0	60.31960966558796
2	75.0	0.0	70.0	0.0	26.0	1.0	97.0	88.69825605506945
3	55.0	0.0	47.0	0.0	22.0	1.0	111.0	21.097369350004875
40
587	233	220
3
1	85.0	1.0	53.0	1.0	52.0	1.0	53.0	155.7313049860807
2	65.0	1.0	52.0	1.0	33.0	1.0	29.0	95.75122488468196
3	98.0	0.0	74.0	1.0	44.0	1.0	45.0	207.63762109351603
41
587	233	220
3
1	59.0	0.0	57.0	0.0	23.0	1.0	126.0	44.637310027737584
2	86.0	0.0	30.0	1.0	23.0	1.0	135.0	40.718982953161735
3	95.0	0.0	31.0	1.0	31.0	1.0	135.0	48.55207027401771
42
587	233	220
3
1	66.0	0.0	44.0	0.0	21.0	1.0	61.0	48.601890890587214
2	78.0	0.0	42.0	1.0	38.0	1.0	67.0	37.827152162909904
3	94.0	0.0	57.0	1.0	45.0	1.0	74.0	189.06883537449542
43
587	233	220
3
1	87.0	0.0	70.0	0.0	27.0	1.0	56.0	76.71098842447573
2	60.0	1.0	55.0	1.0	31.0	1.0	71.0	60.225110534694224
3	79.0	1.0	73.0	1.0	41.0	1.0	57.0	164.18143498068974
44
587	233	220
3
1	80.0	0.0	79.0	0.0	31.0	1.0	48.0	93.45173345580767
2	94.0	0.0	67.0	0.0	29.0	1.0	40.0	127.20157362681259
3	86.0	0.0	75.0	1.0	39.0	1.0	53.0	133.95344280580304
45
587	233	220
3
1	100.0	0.0	39.0	1.0	28.0	1.0	41.0	63.375430884232344
2	100.0	0.0	84.0	1.0	46.0	1.0	55.0	167.68080801871315
3	55.0	1.0	46.0	1.0	35.0	1.0	46.0	42.339727473618275
46
587	233	220
3
1	96.0	0.0	62.0	1.0	32.0	1.0	55.0	106.46694843731505
2	90.0	0.0	52.0	1.0	42.0	1.0	48.0	134.08773050820307
3	97.0	0.0	54.0	1.0	31.0	1.0	62.0	139.81651648607522
47
587	233	220
3
1	79.0	1.0	64.0	1.0	55.0	1.0	29.0	106.77212567926392
2	98.0	1.0	85.0	1.0	74.0	1.0	33.0	420.1603842098845
3	80.0	0.0	35.0	1.0	22.0	1.0	24.0	26.191016150686046
48
587	233	220
3
1	88.0	0.0	60.0	1.0	40.0	1.0	36.0	94.56869793224861
2	99.0	1.0	97.0	1.0	78.0	1.0	27.0	652.5044972362266
3	85.0	0.0	32.0	1.0	25.0	1.0	23.0	23.749283454433186
49
587	233	220
3
1	60.0	1.0	60.0	1.0	35.0	1.0	75.0	146.13708742990733
2	66.0	0.0	63.0	0.0	20.0	1.0	56.0	36.98069150051647
3	96.0	1.0	70.0	1.0	49.0	1.0	48.0	208.9429067674891
50
587	233	220
3
1	45.0	1.0	31.0	1.0	27.0	1.0	107.0	26.903471076461273
2	71.0	1.0	60.0	1.0	40.0	1.0	119.0	75.97626295406404
3	57.0	0.0	43.0	0.0	21.0	1.0	112.0	26.03172296989141
51
587	233	220
3
1	95.0	1.0	84.0	1.0	49.0	1.0	28.0	282.83155014860483
2	92.0	0.0	73.0	0.0	26.0	1.0	41.0	68.96598347842512
3	90.0	1.0	61.0	1.0	60.0	1.0	36.0	119.62344720992861
52
587	233	220
3
1	89.0	1.0	66.0	1.0	61.0	1.0	57.0	169.8608779765257
2	70.0	0.0	39.0	1.0	34.0	1.0	44.0	65.72755944185867
3	91.0	0.0	46.0	1.0	30.0	1.0	42.0	63.80748273760234
53
587	233	220
3
1	98.0	1.0	72.0	1.0	51.0	1.0	34.0	145.91134598692423
2	97.0	0.0	67.0	1.0	45.0	1.0	25.0	181.39270361046582
3	80.0	1.0	74.0	1.0	57.0	1.0	31.0	280.987406879684
54
587	233	220
3
1	92.0	1.0	70.0	1.0	50.0	1.0	60.0	132.56131788231355
2	98.0	0.0	78.0	0.0	28.0	1.0	41.0	136.74215951129187
3	54.0	0.0	32.0	1.0	24.0	1.0	48.0	16.24265915293596
55
587	233	220
3
1	94.0	0.0	68.0	0.0	21.0	1.0	82.0	61.41122265887253
2	69.0	0.0	66.0	0.0	24.0	1.0	87.0	109.49755088175392
3	93.0	0.0	58.0	0.0	23.0	1.0	77.0	69.93047884950631
56
587	233	220
3
1	82.0	0.0	79.0	0.0	37.0	1.0	45.0	154.18237094508146
2	83.0	1.0	76.0	1.0	61.0	1.0	39.0	164.90774892466166
3	92.0	0.0	44.0	0.0	21.0	1.0	50.0	55.827069015666936
57
587	233	220
3
1	90.0	0.0	67.0	1.0	40.0	1.0	73.0	88.94296008845475
2	48.0	0.0	47.0	0.0	21.0	1.0	62.0	17.470933003023248
3	100.0	0.0	38.0	1.0	31.0	1.0	79.0	88.76048798673868
58
587	233	220
3
1	71.0	1.0	67.0	1.0	57.0	1.0	71.0	162.57807705382046
2	89.0	0.0	80.0	0.0	22.0	1.0	61.0	82.46458979883107
3	27.0	1.0	27.0	1.0	24.0	1.0	63.0	8.325485754586202
59
587	233	220
3
1	74.0	0.0	53.0	1.0	29.0	1.0	112.0	84.05497138269517
2	80.0	0.0	26.0	1.0	26.0	1.0	129.0	45.74580127343325
3	52.0	1.0	44.0	1.0	35.0	1.0	129.0	46.14265397115768
60
587	233	220
3
1	85.0	0.0	65.0	1.0	38.0	1.0	21.0	138.91417392896219
2	92.0	1.0	87.0	1.0	49.0	1.0	33.0	244.7773051107376
3	99.0	1.0	82.0	1.0	70.0	1.0	22.0	364.7002278686357
61
587	233	220
3
1	34.0	1.0	31.0	1.0	25.0	1.0	44.0	15.411671581596057
2	95.0	1.0	88.0	1.0	73.0	1.0	44.0	567.5877368262205
3	76.0	0.0	34.0	1.0	20.0	1.0	33.0	19.105630948480915
62
587	233	220
3
1	94.0	1.0	90.0	1.0	78.0	1.0	17.0	391.0176466135478
2	86.0	0.0	39.0	1.0	26.0	1.0	19.0	53.35222317407286
3	99.0	1.0	93.0	1.0	86.0	1.0	21.0	464.3422999877194
63
587	233	220
3
1	73.0	0.0	43.0	0.0	20.0	1.0	23.0	33.883858104916136
2	96.0	1.0	95.0	1.0	73.0	1.0	19.0	420.4046065479603
3	100.0	1.0	96.0	1.0	89.0	1.0	18.0	438.6197437004725
64
587	233	220
3
1	97.0	0.0	52.0	1.0	40.0	1.0	43.0	155.6661420045642
2	53.0	0.0	43.0	1.0	22.0	1.0	38.0	36.04049550832341
3	96.0	1.0	85.0	1.0	53.0	1.0	45.0	231.0949722581719
65
587	233	220
3
1	89.0	0.0	55.0	1.0	37.0	1.0	54.0	93.52014118195497
2	82.0	1.0	47.0	1.0	44.0	1.0	56.0	59.39204908771491
3	99.0	0.0	92.0	0.0	22.0	1.0	53.0	126.46212317317796
66
587	233	220
3
1	85.0	0.0	66.0	1.0	37.0	1.0	47.0	73.43502484857422
2	100.0	0.0	46.0	1.0	27.0	1.0	39.0	88.35823180004896
3	100.0	1.0	60.0	1.0	56.0	1.0	46.0	231.80877462991666
67
587	233	220
3
1	91.0	1.0	73.0	1.0	53.0	1.0	32.0	257.67840577884834
2	63.0	0.0	54.0	1.0	28.0	1.0	21.0	83.98387560839967
3	96.0	1.0	83.0	1.0	75.0	1.0	28.0	535.2371237356142
68
587	233	220
3
1	89.0	0.0	80.0	0.0	38.0	1.0	42.0	163.37076312785476
2	93.0	1.0	80.0	1.0	63.0	1.0	24.0	223.24907223190556
3	97.0	0.0	49.0	1.0	46.0	1.0	34.0	103.12419039798829
69
587	233	220
3
1	92.0	1.0	82.0	1.0	58.0	1.0	38.0	295.34627456184023
2	75.0	1.0	47.0	1.0	40.0	1.0	42.0	57.68600544450136
3	97.0	0.0	87.0	0.0	23.0	1.0	38.0	105.85499896265726
70
587	233	220
3
1	53.0	1.0	41.0	1.0	28.0	1.0	97.0	36.21204080834653
2	62.0	1.0	58.0	1.0	44.0	1.0	91.0	95.36246410617431
3	66.0	0.0	42.0	1.0	31.0	1.0	113.0	64.31561972769326
71
587	233	220
3
1	59.0	1.0	49.0	1.0	38.0	1.0	79.0	69.74183616197685
2	46.0	1.0	44.0	1.0	38.0	1.0	76.0	70.86371745573831
3	90.0	0.0	55.0	1.0	41.0	1.0	76.0	80.72016027114063
72
587	233	220
3
1	90.0	0.0	53.0	1.0	43.0	1.0	82.0	105.15290229981372
2	82.0	0.0	34.0	1.0	26.0	1.0	69.0	31.804850007635512
3	73.0	0.0	39.0	1.0	36.0	1.0	80.0	89.92867244652697
73
587	233	220
3
1	80.0	1.0	67.0	1.0	66.0	1.0	42.0	200.7557484716628
2	82.0	0.0	46.0	1.0	29.0	1.0	42.0	61.09334812504599
3	96.0	0.0	53.0	1.0	44.0	1.0	46.0	93.1921594505163
74
587	233	220
3
1	88.0	0.0	48.0	0.0	20.0	1.0	188.0	68.46740813823364
2	82.0	0.0	23.0	1.0	21.0	1.0	224.0	30.03050338627938
3	57.0	0.0	22.0	1.0	22.0	1.0	192.0	14.466757782757124
75
587	233	220
3
1	62.0	1.0	61.0	1.0	51.0	1.0	41.0	76.12262613543504
2	94.0	0.0	67.0	0.0	27.0	1.0	50.0	148.2501182616319
3	82.0	1.0	56.0	1.0	55.0	1.0	54.0	243.3471248114922
76
587	233	220
3
1	80.0	0.0	42.0	1.0	40.0	1.0	31.0	109.36057899516746
2	97.0	1.0	73.0	1.0	70.0	1.0	30.0	252.87519877535385
3	100.0	0.0	66.0	1.0	48.0	1.0	34.0	258.61724791064427
77
587	233	220
3
1	67.0	0.0	63.0	0.0	20.0	1.0	58.0	46.11848689432435
2	74.0	1.0	71.0	1.0	50.0	1.0	60.0	112.93129702586646
3	75.0	1.0	67.0	1.0	39.0	1.0	48.0	81.72767127897878
78
587	233	220
3
1	88.0	0.0	56.0	0.0	22.0	1.0	41.0	55.09104507775905
2	90.0	1.0	87.0	1.0	60.0	1.0	41.0	394.5301789952578
3	72.0	0.0	57.0	1.0	31.0	1.0	49.0	47.71427157167343
79
587	233	220
3
1	97.0	0.0	36.0	1.0	28.0	1.0	92.0	55.990180160084016
2	65.0	1.0	50.0	1.0	35.0	1.0	84.0	49.3347367924555
3	84.0	0.0	67.0	0.0	22.0	1.0	93.0	69.99032483309578
80
587	233	220
3
1	95.0	0.0	83.0	0.0	33.0	1.0	51.0	122.22402500551443
2	62.0	1.0	40.0	1.0	37.0	1.0	48.0	38.92704140741459
3	90.0	1.0	64.0	1.0	51.0	1.0	42.0	153.09674899782172
81
587	233	220
3
1	53.0	1.0	48.0	1.0	45.0	1.0	55.0	40.173620763172735
2	100.0	0.0	90.0	0.0	30.0	1.0	63.0	319.16481113059103
3	79.0	0.0	50.0	1.0	33.0	1.0	50.0	55.07691945343978
82
587	233	220
3
1	50.0	0.0	26.0	1.0	21.0	1.0	70.0	16.620669359934762
2	96.0	0.0	84.0	0.0	31.0	1.0	52.0	122.1371848060619
3	95.0	0.0	78.0	0.0	37.0	1.0	55.0	107.45478018483512
83
587	233	220
3
1	58.0	0.0	37.0	1.0	26.0	1.0	117.0	33.672771345077464
2	77.0	1.0	43.0	1.0	40.0	1.0	107.0	64.22985047684855
3	72.0	0.0	34.0	1.0	33.0	1.0	116.0	68.27878879485858
84
587	233	220
3
1	83.0	1.0	75.0	1.0	55.0	1.0	53.0	168.3652756169775
2	65.0	0.0	28.0	1.0	26.0	1.0	60.0	22.95002009687703
3	68.0	1.0	61.0	1.0	36.0	1.0	60.0	93.20302026195371
85
587	233	220
3
1	96.0	1.0	73.0	1.0	50.0	1.0	40.0	172.07807358242076
2	79.0	0.0	69.0	1.0	36.0	1.0	45.0	112.80718967421483
3	83.0	0.0	69.0	0.0	25.0	1.0	50.0	105.40362394198077
86
587	233	220
3
1	46.0	0.0	40.0	1.0	21.0	1.0	164.0	20.60225363097019
2	69.0	0.0	40.0	1.0	25.0	1.0	161.0	28.067459901416534
3	91.0	0.0	35.0	1.0	21.0	1.0	189.0	38.28351062018204
87
587	233	220
3
1	79.0	0.0	77.0	0.0	23.0	1.0	63.0	84.47456269680497
2	79.0	0.0	31.0	1.0	27.0	1.0	49.0	51.76068802969574
3	98.0	0.0	62.0	1.0	36.0	1.0	82.0	165.16610441434364
88
587	233	220
3
1	75.0	1.0	46.0	1.0	41.0	1.0	66.0	50.842806639076564
2	99.0	0.0	57.0	0.0	27.0	1.0	70.0	157.94179271514375
3	86.0	0.0	44.0	1.0	36.0	1.0	74.0	59.152162331002394
89
587	233	220
3
1	49.0	1.0	48.0	1.0	28.0	1.0	45.0	56.536573693161316
2	95.0	0.0	42.0	1.0	30.0	1.0	33.0	69.52745188820369
3	97.0	1.0	82.0	1.0	77.0	1.0	37.0	345.7698960606011
90
587	233	220
3
1	92.0	1.0	84.0	1.0	58.0	1.0	18.0	232.0522281376012
2	85.0	1.0	67.0	1.0	52.0	1.0	24.0	235.42044450215252
3	99.0	0.0	85.0	1.0	43.0	1.0	40.0	175.67470982327188
91
587	233	220
3
1	42.0	1.0	41.0	1.0	26.0	1.0	68.0	23.384810655086866
2	75.0	0.0	55.0	1.0	34.0	1.0	53.0	82.34987254321712
3	94.0	1.0	56.0	1.0	51.0	1.0	73.0	297.3955023892575
92
587	233	220
3
1	72.0	1.0	42.0	1.0	41.0	1.0	64.0	54.37108401505279
2	92.0	0.0	39.0	1.0	35.0	1.0	76.0	81.37507252965372
3	75.0	1.0	52.0	1.0	52.0	1.0	62.0	98.52523301913756
93
587	233	220
3
1	97.0	1.0	76.0	1.0	50.0	1.0	35.0	216.6052454636846
2	93.0	0.0	56.0	1.0	35.0	1.0	26.0	92.87468827771787
3	96.0	1.0	80.0	1.0	60.0	1.0	27.0	323.11101830727034
94
587	233	220
3
1	88.0	0.0	68.0	0.0	32.0	1.0	46.0	65.8954858190931
2	98.0	0.0	87.0	1.0	49.0	1.0	43.0	267.51875887275594
3	78.0	0.0	32.0	1.0	29.0	1.0	43.0	41.7903968904536
95
587	233	220
3
1	39.0	1.0	37.0	1.0	30.0	1.0	41.0	18.859423553817198
2	96.0	1.0	77.0	1.0	73.0	1.0	38.0	239.35900497032137
3	68.0	0.0	64.0	1.0	33.0	1.0	53.0	58.37739253965092
96
587	233	220
3
1	75.0	1.0	59.0	1.0	51.0	1.0	55.0	157.40385294652282
2	43.0	0.0	24.0	1.0	20.0	1.0	62.0	19.072627034221775
3	74.0	1.0	70.0	1.0	60.0	1.0	52.0	212.1365060656169
97
587	233	220
3
1	92.0	0.0	57.0	1.0	42.0	1.0	58.0	102.08864383080193
2	78.0	0.0	57.0	1.0	33.0	1.0	56.0	82.68847042351034
3	66.0	1.0	54.0	1.0	46.0	1.0	55.0	69.7543039151004
98
587	233	220
3
1	85.0	1.0	70.0	1.0	68.0	1.0	36.0	309.8077903700214
2	90.0	1.0	58.0	1.0	46.0	1.0	29.0	157.24471436413538
3	76.0	1.0	76.0	1.0	48.0	1.0	30.0	102.24007002510706
99
587	233	220
3
1	87.0	0.0	66.0	1.0	36.0	1.0	45.0	141.77587263406195
2	90.0	0.0	72.0	0.0	32.0	1.0	64.0	126.54634822614332
3	79.0	0.0	70.0	0.0	23.0	1.0	59.0	50.76670936768829
100
587	233	220
3
1	83.0	0.0	28.0	1.0	25.0	1.0	94.0	50.607634052645224
2	79.0	0.0	78.0	0.0	30.0	1.0	92.0	85.0475322809924
3	99.0	0.0	31.0	1.0	27.0	1.0	90.0	45.605794080667444
