1
587	233	220
5
1	89.0	1.0	75.0	1.0	50.0	1.0	15.0	123.68386830727837
2	85.0	0.0	35.0	1.0	25.0	1.0	25.0	60.29211244809398
3	90.0	1.0	81.0	1.0	77.0	1.0	22.0	235.41574576009583
4	77.0	0.0	33.0	1.0	28.0	1.0	23.0	30.435067306990543
5	93.0	1.0	88.0	1.0	75.0	1.0	15.0	310.68528993715165
2
587	233	220
5
1	94.0	0.0	36.0	1.0	21.0	1.0	21.0	38.415426315604854
2	87.0	0.0	41.0	1.0	24.0	1.0	21.0	25.11027493145795
3	80.0	1.0	59.0	1.0	44.0	1.0	21.0	141.57053675251646
4	89.0	1.0	88.0	1.0	84.0	1.0	28.0	364.35434673131795
5	77.0	1.0	54.0	1.0	45.0	1.0	19.0	162.4193284399452
3
587	233	220
5
1	83.0	0.0	40.0	1.0	25.0	1.0	20.0	60.795405547004165
2	94.0	1.0	86.0	1.0	48.0	1.0	30.0	265.14540209469834
3	87.0	1.0	79.0	1.0	74.0	1.0	14.0	225.4977297541472
4	97.0	0.0	63.0	1.0	36.0	1.0	24.0	118.92031549232927
5	95.0	0.0	53.0	1.0	32.0	1.0	26.0	103.90066592909068
4
587	233	220
5
1	92.0	1.0	87.0	1.0	58.0	1.0	25.0	259.43027970743293
2	95.0	0.0	61.0	1.0	43.0	1.0	40.0	119.22734332923547
3	88.0	0.0	41.0	1.0	26.0	1.0	28.0	29.504739698270445
4	93.0	0.0	51.0	0.0	21.0	1.0	30.0	47.58894704365255
5	79.0	0.0	36.0	1.0	30.0	1.0	34.0	38.630648317904765
5
587	233	220
5
1	84.0	0.0	67.0	1.0	40.0	1.0	27.0	180.84843342637467
2	99.0	0.0	95.0	0.0	34.0	1.0	28.0	221.63553512688352
3	65.0	0.0	52.0	1.0	29.0	1.0	28.0	31.27809079103597
4	82.0	1.0	62.0	1.0	56.0	1.0	38.0	154.64633915062672
5	58.0	0.0	39.0	1.0	20.0	1.0	33.0	14.349324811466424
6
587	233	220
5
1	83.0	0.0	78.0	0.0	27.0	1.0	36.0	100.94583157081365
2	97.0	0.0	71.0	1.0	45.0	1.0	29.0	197.78759311848384
3	88.0	0.0	82.0	0.0	20.0	1.0	27.0	78.82695751271571
4	93.0	0.0	42.0	1.0	30.0	1.0	31.0	38.93277909202993
5	83.0	0.0	71.0	1.0	41.0	1.0	30.0	142.38721710057305
7
587	233	220
5
1	76.0	1.0	74.0	1.0	43.0	1.0	29.0	100.26282344201681
2	81.0	0.0	62.0	0.0	21.0	1.0	24.0	66.63649734403555
3	63.0	0.0	53.0	0.0	23.0	1.0	29.0	63.5319248064688
4	89.0	1.0	79.0	1.0	69.0	1.0	26.0	315.45704816558793
5	83.0	1.0	51.0	1.0	43.0	1.0	31.0	114.08730671383566
8
587	233	220
5
1	73.0	1.0	58.0	1.0	57.0	1.0	29.0	243.75825137809454
2	84.0	0.0	47.0	1.0	29.0	1.0	40.0	39.967995276000295
3	76.0	0.0	62.0	1.0	33.0	1.0	33.0	57.307646587340656
4	96.0	0.0	51.0	0.0	21.0	1.0	18.0	45.493025851790506
5	98.0	1.0	74.0	1.0	66.0	1.0	24.0	243.6852394033889
9
587	233	220
5
1	98.0	1.0	96.0	1.0	96.0	1.0	20.0	481.4789371949836
2	54.0	0.0	37.0	1.0	23.0	1.0	15.0	34.41204473582334
3	99.0	0.0	77.0	1.0	40.0	1.0	18.0	223.1065233756902
4	59.0	1.0	55.0	1.0	34.0	1.0	17.0	50.66992020028074
5	83.0	1.0	58.0	1.0	56.0	1.0	13.0	176.51320007093565
10
587	233	220
5
1	99.0	1.0	89.0	1.0	65.0	1.0	18.0	229.38300750664197
2	98.0	1.0	76.0	1.0	52.0	1.0	25.0	136.21226978110832
3	82.0	0.0	30.0	1.0	22.0	1.0	19.0	38.02231852136533
4	43.0	1.0	40.0	1.0	29.0	1.0	27.0	32.64436100183565
5	78.0	1.0	73.0	1.0	45.0	1.0	29.0	173.83365796850444
11
587	233	220
5
1	91.0	0.0	77.0	0.0	24.0	1.0	24.0	100.45254730495729
2	85.0	1.0	75.0	1.0	52.0	1.0	29.0	275.7498339304916
3	69.0	0.0	35.0	1.0	22.0	1.0	30.0	28.072002302118587
4	93.0	0.0	85.0	0.0	35.0	1.0	22.0	217.83341546827924
5	74.0	1.0	69.0	1.0	51.0	1.0	33.0	137.85478765239174
12
587	233	220
5
1	73.0	1.0	70.0	1.0	43.0	1.0	32.0	204.85099299835522
2	86.0	1.0	61.0	1.0	55.0	1.0	22.0	143.62544047906556
3	98.0	1.0	86.0	1.0	72.0	1.0	21.0	261.95928772476816
4	55.0	0.0	45.0	0.0	20.0	1.0	15.0	37.82857585897338
5	77.0	0.0	57.0	1.0	31.0	1.0	21.0	68.00603397465008
13
587	233	220
5
1	85.0	1.0	49.0	1.0	48.0	1.0	45.0	161.5577001129882
2	91.0	0.0	49.0	1.0	38.0	1.0	34.0	70.4246791627497
3	84.0	0.0	78.0	0.0	21.0	1.0	28.0	55.181236187807315
4	68.0	1.0	51.0	1.0	46.0	1.0	41.0	148.0084220067423
5	57.0	1.0	55.0	1.0	35.0	1.0	45.0	73.37598669205255
14
587	233	220
5
1	59.0	1.0	52.0	1.0	32.0	1.0	28.0	38.075408665215775
2	86.0	0.0	66.0	0.0	24.0	1.0	27.0	65.89352900432517
3	93.0	1.0	72.0	1.0	53.0	1.0	29.0	178.59277745984014
4	96.0	0.0	73.0	0.0	24.0	1.0	27.0	129.65839019142157
5	89.0	1.0	85.0	1.0	48.0	1.0	24.0	251.58253047340733
15
587	233	220
5
1	100.0	0.0	47.0	1.0	31.0	1.0	31.0	81.74166887912968
2	70.0	1.0	61.0	1.0	38.0	1.0	30.0	70.20300466968021
3	91.0	0.0	82.0	0.0	28.0	1.0	36.0	127.11990458453995
4	96.0	0.0	67.0	1.0	43.0	1.0	38.0	107.45093377267344
5	87.0	0.0	34.0	1.0	32.0	1.0	26.0	52.152811559887446
16
587	233	220
5
1	98.0	1.0	85.0	1.0	72.0	1.0	13.0	411.02411710034164
2	82.0	1.0	76.0	1.0	42.0	1.0	12.0	179.29472705069725
3	96.0	0.0	93.0	0.0	35.0	1.0	24.0	132.99636043543754
4	96.0	1.0	59.0	1.0	54.0	1.0	20.0	215.9837390523974
5	95.0	1.0	95.0	1.0	70.0	1.0	8.0	365.77998581687893
17
587	233	220
5
1	62.0	1.0	61.0	1.0	56.0	1.0	56.0	111.42961404687682
2	92.0	0.0	36.0	1.0	28.0	1.0	61.0	85.72706961013844
3	55.0	0.0	53.0	0.0	21.0	1.0	64.0	28.63312225958108
4	92.0	0.0	23.0	1.0	23.0	1.0	49.0	32.166279730598966
5	96.0	0.0	40.0	1.0	29.0	1.0	55.0	56.72196025350411
18
587	233	220
5
1	98.0	0.0	25.0	1.0	25.0	1.0	23.0	42.58352519271122
2	98.0	0.0	51.0	1.0	37.0	1.0	25.0	89.03315140468315
3	94.0	1.0	81.0	1.0	51.0	1.0	28.0	281.53390774529646
4	85.0	1.0	64.0	1.0	58.0	1.0	38.0	134.73893418581943
5	47.0	0.0	42.0	0.0	20.0	1.0	28.0	18.855134856621735
19
587	233	220
5
1	79.0	1.0	69.0	1.0	60.0	1.0	27.0	299.2813820417337
2	99.0	1.0	77.0	1.0	50.0	1.0	26.0	353.60608315193633
3	95.0	0.0	63.0	0.0	21.0	1.0	20.0	103.11556688248942
4	90.0	0.0	56.0	0.0	24.0	1.0	20.0	73.66530769027354
5	87.0	1.0	82.0	1.0	47.0	1.0	19.0	166.1443975713866
20
587	233	220
5
1	84.0	1.0	68.0	1.0	64.0	1.0	16.0	184.89123154574995
2	81.0	0.0	46.0	1.0	37.0	1.0	23.0	53.82054380903252
3	93.0	1.0	71.0	1.0	64.0	1.0	19.0	178.17674141309715
4	96.0	1.0	93.0	1.0	88.0	1.0	12.0	451.93303801507955
5	97.0	0.0	47.0	1.0	34.0	1.0	22.0	117.43940186673768
21
587	233	220
5
1	63.0	0.0	32.0	1.0	28.0	1.0	39.0	39.26329204088661
2	93.0	0.0	58.0	0.0	29.0	1.0	45.0	53.22334976296069
3	80.0	0.0	65.0	0.0	31.0	1.0	52.0	64.12951541952489
4	73.0	0.0	25.0	1.0	24.0	1.0	49.0	25.34850522024273
5	87.0	0.0	80.0	1.0	43.0	1.0	34.0	111.27615630695841
22
587	233	220
5
1	85.0	1.0	82.0	1.0	44.0	1.0	40.0	183.84600772003148
2	73.0	1.0	48.0	1.0	42.0	1.0	37.0	64.58859768640926
3	96.0	0.0	84.0	0.0	25.0	1.0	27.0	237.97360146946687
4	44.0	1.0	44.0	1.0	23.0	1.0	37.0	25.6040840377345
5	93.0	0.0	61.0	0.0	22.0	1.0	42.0	55.18787390026295
23
587	233	220
5
1	84.0	0.0	65.0	1.0	34.0	1.0	16.0	93.55520087175306
2	85.0	1.0	59.0	1.0	48.0	1.0	25.0	126.75817335621359
3	99.0	0.0	94.0	0.0	31.0	1.0	29.0	119.54703518601413
4	77.0	1.0	67.0	1.0	45.0	1.0	16.0	100.78022547612282
5	86.0	1.0	72.0	1.0	46.0	1.0	31.0	126.21898330349329
24
587	233	220
5
1	44.0	1.0	43.0	1.0	34.0	1.0	23.0	48.26897910549879
2	94.0	1.0	64.0	1.0	50.0	1.0	32.0	124.64037984071783
3	80.0	1.0	74.0	1.0	68.0	1.0	21.0	372.09657412777926
4	91.0	1.0	69.0	1.0	60.0	1.0	22.0	253.63788006545963
5	67.0	0.0	44.0	1.0	28.0	1.0	24.0	29.27634910528043
25
587	233	220
5
1	97.0	1.0	87.0	1.0	75.0	1.0	29.0	336.0879952483762
2	58.0	1.0	41.0	1.0	38.0	1.0	26.0	52.27403201169811
3	89.0	0.0	63.0	1.0	34.0	1.0	24.0	92.38210086765251
4	78.0	0.0	47.0	0.0	21.0	1.0	30.0	35.90411155765724
5	88.0	0.0	54.0	0.0	25.0	1.0	21.0	74.82881865950687
26
587	233	220
5
1	97.0	0.0	88.0	1.0	46.0	1.0	24.0	225.28682077479016
2	82.0	1.0	70.0	1.0	44.0	1.0	28.0	155.30497648677274
3	77.0	0.0	71.0	0.0	28.0	1.0	28.0	68.23191805444966
4	89.0	0.0	71.0	1.0	41.0	1.0	30.0	114.81371922511148
5	64.0	0.0	39.0	1.0	26.0	1.0	22.0	32.214824810125414
27
587	233	220
5
1	79.0	0.0	63.0	1.0	36.0	1.0	33.0	89.2651306802947
2	75.0	1.0	67.0	1.0	58.0	1.0	43.0	144.41733773752986
3	51.0	0.0	26.0	1.0	21.0	1.0	36.0	16.490654406824365
4	68.0	1.0	56.0	1.0	50.0	1.0	36.0	97.42152404998053
5	52.0	1.0	50.0	1.0	36.0	1.0	39.0	35.427290545812355
28
587	233	220
5
1	94.0	0.0	79.0	1.0	45.0	1.0	16.0	236.7022448988967
2	96.0	1.0	89.0	1.0	61.0	1.0	15.0	171.1591975270207
3	91.0	1.0	88.0	1.0	79.0	1.0	18.0	553.0448286340841
4	100.0	0.0	79.0	0.0	34.0	1.0	18.0	114.57179460618589
5	87.0	0.0	22.0	1.0	20.0	1.0	14.0	25.146122174568315
29
587	233	220
5
1	71.0	1.0	64.0	1.0	56.0	1.0	29.0	167.3081815864494
2	92.0	1.0	61.0	1.0	57.0	1.0	24.0	160.3955438268349
3	77.0	0.0	69.0	0.0	33.0	1.0	26.0	58.588424063338266
4	88.0	0.0	56.0	0.0	25.0	1.0	15.0	54.62698853687347
5	98.0	1.0	76.0	1.0	64.0	1.0	18.0	206.91971602876234
30
587	233	220
5
1	80.0	0.0	48.0	1.0	34.0	1.0	44.0	42.6696286682445
2	90.0	0.0	22.0	1.0	20.0	1.0	48.0	34.756448483085016
3	80.0	0.0	67.0	0.0	30.0	1.0	49.0	114.01120041612806
4	36.0	1.0	28.0	1.0	22.0	1.0	43.0	9.621019198437498
5	94.0	0.0	82.0	0.0	33.0	1.0	53.0	126.20661775130114
31
587	233	220
5
1	71.0	0.0	68.0	0.0	22.0	1.0	37.0	53.93578532341739
2	63.0	0.0	49.0	0.0	23.0	1.0	29.0	38.790071137535584
3	65.0	1.0	64.0	1.0	50.0	1.0	39.0	132.8622284688784
4	92.0	0.0	65.0	1.0	38.0	1.0	33.0	100.59050313844156
5	75.0	1.0	71.0	1.0	46.0	1.0	34.0	174.5582439419116
32
587	233	220
5
1	75.0	0.0	68.0	0.0	31.0	1.0	37.0	83.87148541869446
2	87.0	0.0	76.0	0.0	33.0	1.0	48.0	124.27509738722692
3	72.0	1.0	66.0	1.0	38.0	1.0	37.0	123.63803920874064
4	59.0	0.0	53.0	1.0	27.0	1.0	35.0	68.59689409699502
5	73.0	0.0	35.0	1.0	33.0	1.0	47.0	60.84036537846307
33
587	233	220
5
1	69.0	0.0	23.0	1.0	22.0	1.0	62.0	27.470955844334213
2	51.0	1.0	32.0	1.0	28.0	1.0	44.0	18.011568227082048
3	64.0	1.0	58.0	1.0	34.0	1.0	42.0	79.28808147034256
4	79.0	0.0	75.0	1.0	39.0	1.0	54.0	120.08186223687719
5	86.0	0.0	59.0	1.0	39.0	1.0	40.0	110.72871671948548
34
587	233	220
5
1	65.0	1.0	54.0	1.0	44.0	1.0	28.0	84.35735530564169
2	54.0	1.0	44.0	1.0	35.0	1.0	31.0	31.32705083408933
3	58.0	0.0	51.0	1.0	26.0	1.0	25.0	37.900056348633626
4	100.0	1.0	72.0	1.0	54.0	1.0	24.0	223.6485151673638
5	89.0	1.0	81.0	1.0	71.0	1.0	23.0	201.53890624147218
35
587	233	220
5
1	87.0	0.0	83.0	0.0	21.0	1.0	21.0	95.7771291293386
2	85.0	0.0	42.0	0.0	20.0	1.0	37.0	26.20328586977218
3	55.0	0.0	28.0	1.0	26.0	1.0	27.0	36.56962366513853
4	64.0	0.0	36.0	1.0	29.0	1.0	33.0	52.93310065849095
5	92.0	1.0	90.0	1.0	71.0	1.0	35.0	521.8578705070852
36
587	233	220
5
1	50.0	1.0	37.0	1.0	32.0	1.0	43.0	20.799720645368645
2	55.0	1.0	42.0	1.0	31.0	1.0	44.0	25.70355095054609
3	90.0	0.0	50.0	1.0	31.0	1.0	46.0	65.47858598212375
4	81.0	1.0	57.0	1.0	41.0	1.0	54.0	149.7728062537791
5	83.0	0.0	64.0	0.0	29.0	1.0	50.0	124.97668613843506
37
587	233	220
5
1	60.0	0.0	36.0	1.0	25.0	1.0	32.0	34.85784279945458
2	56.0	0.0	45.0	1.0	23.0	1.0	37.0	47.42977699699926
3	71.0	1.0	68.0	1.0	54.0	1.0	40.0	116.45450334850385
4	100.0	1.0	79.0	1.0	52.0	1.0	26.0	182.14132530708156
5	75.0	0.0	62.0	0.0	30.0	1.0	34.0	105.0815499835652
38
587	233	220
5
1	85.0	0.0	79.0	0.0	30.0	1.0	14.0	79.76028539232281
2	96.0	1.0	75.0	1.0	60.0	1.0	20.0	257.48683570021393
3	78.0	0.0	78.0	0.0	30.0	1.0	15.0	132.12885565901271
4	100.0	1.0	99.0	1.0	82.0	1.0	15.0	429.36311709525086
5	69.0	1.0	65.0	1.0	48.0	1.0	16.0	92.35007304285317
39
587	233	220
5
1	95.0	0.0	41.0	1.0	21.0	1.0	45.0	36.7660557909304
2	86.0	0.0	77.0	0.0	30.0	1.0	58.0	93.14767490982227
3	63.0	0.0	23.0	1.0	20.0	1.0	52.0	19.13590674602237
4	97.0	0.0	83.0	0.0	25.0	1.0	41.0	102.57606038851934
5	57.0	1.0	46.0	1.0	40.0	1.0	48.0	51.06384545956995
40
587	233	220
5
1	44.0	0.0	38.0	1.0	20.0	1.0	41.0	16.72859919220955
2	87.0	1.0	54.0	1.0	53.0	1.0	49.0	127.11873049538944
3	90.0	1.0	55.0	1.0	46.0	1.0	54.0	155.14847320856987
4	60.0	0.0	39.0	1.0	26.0	1.0	37.0	42.52772261575434
5	84.0	0.0	21.0	1.0	20.0	1.0	55.0	15.006928330802719
41
587	233	220
5
1	82.0	0.0	23.0	1.0	20.0	1.0	42.0	12.185190934391885
2	83.0	1.0	67.0	1.0	49.0	1.0	42.0	149.3566323638735
3	68.0	1.0	57.0	1.0	55.0	1.0	40.0	136.36052987551332
4	69.0	0.0	43.0	1.0	25.0	1.0	31.0	37.109702860248454
5	87.0	0.0	59.0	1.0	31.0	1.0	39.0	100.45466060152786
42
587	233	220
5
1	83.0	0.0	28.0	1.0	22.0	1.0	67.0	39.60328610866173
2	58.0	0.0	29.0	1.0	29.0	1.0	57.0	20.820498465689422
3	89.0	0.0	63.0	0.0	31.0	1.0	41.0	114.82168369143352
4	86.0	0.0	82.0	0.0	36.0	1.0	58.0	266.05643254504406
5	57.0	0.0	32.0	1.0	20.0	1.0	55.0	24.327547489091604
43
587	233	220
5
1	76.0	0.0	51.0	1.0	28.0	1.0	30.0	77.66547847353881
2	94.0	0.0	63.0	1.0	38.0	1.0	37.0	89.0410982059195
3	81.0	1.0	72.0	1.0	48.0	1.0	34.0	132.0280081763141
4	83.0	0.0	36.0	1.0	30.0	1.0	33.0	28.65107243890383
5	79.0	1.0	45.0	1.0	41.0	1.0	40.0	48.075862602416485
44
587	233	220
5
1	98.0	1.0	89.0	1.0	63.0	1.0	33.0	180.4197441099299
2	99.0	0.0	30.0	1.0	25.0	1.0	39.0	35.593096279050904
3	67.0	0.0	55.0	0.0	23.0	1.0	42.0	35.47862690657464
4	98.0	0.0	37.0	1.0	23.0	1.0	51.0	45.26106405898909
5	42.0	1.0	31.0	1.0	27.0	1.0	35.0	12.468038734455662
45
587	233	220
5
1	82.0	1.0	81.0	1.0	66.0	1.0	21.0	355.63278816126774
2	63.0	1.0	52.0	1.0	44.0	1.0	23.0	79.3447892629948
3	90.0	1.0	70.0	1.0	65.0	1.0	24.0	241.45207962254509
4	59.0	0.0	50.0	0.0	20.0	1.0	21.0	42.911911661636545
5	84.0	1.0	64.0	1.0	54.0	1.0	22.0	150.05806693342674
46
587	233	220
5
1	38.0	1.0	24.0	1.0	22.0	1.0	58.0	10.528444912152047
2	79.0	0.0	51.0	0.0	20.0	1.0	54.0	36.63170341722482
3	87.0	0.0	61.0	0.0	21.0	1.0	52.0	40.605139880743806
4	83.0	0.0	46.0	1.0	38.0	1.0	46.0	106.67170675312231
5	93.0	1.0	55.0	1.0	50.0	1.0	47.0	245.21476935196227
47
587	233	220
5
1	71.0	1.0	53.0	1.0	45.0	1.0	30.0	147.33247124854637
2	97.0	1.0	94.0	1.0	53.0	1.0	30.0	373.44517543578195
3	56.0	1.0	41.0	1.0	39.0	1.0	27.0	76.29151520862628
4	59.0	1.0	50.0	1.0	41.0	1.0	38.0	70.79106013545132
5	97.0	0.0	64.0	0.0	23.0	1.0	24.0	63.476822551884425
48
587	233	220
5
1	69.0	1.0	59.0	1.0	47.0	1.0	32.0	101.909641392093
2	54.0	1.0	53.0	1.0	44.0	1.0	17.0	68.54384604115457
3	62.0	1.0	60.0	1.0	45.0	1.0	23.0	60.13329544861701
4	95.0	1.0	91.0	1.0	72.0	1.0	23.0	381.56094111309426
5	68.0	0.0	68.0	0.0	32.0	1.0	24.0	98.02082685530863
49
587	233	220
5
1	69.0	1.0	41.0	1.0	39.0	1.0	22.0	61.79364167042087
2	68.0	0.0	38.0	1.0	21.0	1.0	27.0	47.13724077317585
3	92.0	0.0	90.0	0.0	30.0	1.0	25.0	148.76785083530925
4	89.0	1.0	88.0	1.0	61.0	1.0	38.0	311.66563260589254
5	77.0	0.0	27.0	1.0	23.0	1.0	37.0	21.098860229407677
50
587	233	220
5
1	94.0	0.0	51.0	0.0	24.0	1.0	35.0	60.27039368708876
2	97.0	1.0	69.0	1.0	62.0	1.0	28.0	368.12740475031706
3	81.0	1.0	73.0	1.0	43.0	1.0	33.0	107.58895407907106
4	90.0	0.0	45.0	1.0	23.0	1.0	40.0	59.935880402105454
5	78.0	0.0	33.0	1.0	27.0	1.0	32.0	26.778025431687528
51
587	233	220
5
1	83.0	1.0	82.0	1.0	46.0	1.0	28.0	198.35896192517478
2	94.0	0.0	92.0	0.0	42.0	1.0	35.0	141.8024880299989
3	62.0	0.0	24.0	1.0	20.0	1.0	51.0	18.171292534451386
4	70.0	1.0	45.0	1.0	41.0	1.0	40.0	65.46008199803424
5	66.0	0.0	30.0	1.0	28.0	1.0	34.0	27.080609065509545
52
587	233	220
5
1	100.0	0.0	83.0	0.0	21.0	1.0	35.0	86.32831685854552
2	83.0	1.0	68.0	1.0	45.0	1.0	34.0	164.17356764105577
3	98.0	0.0	50.0	1.0	30.0	1.0	34.0	87.27986858164965
4	84.0	0.0	35.0	1.0	34.0	1.0	24.0	48.443916524027706
5	91.0	0.0	84.0	0.0	40.0	1.0	26.0	226.15889195833495
53
587	233	220
5
1	93.0	0.0	35.0	1.0	30.0	1.0	34.0	39.81092872921279
2	97.0	0.0	41.0	1.0	36.0	1.0	31.0	90.30614916084406
3	72.0	0.0	66.0	0.0	22.0	1.0	36.0	64.02766856321996
4	87.0	1.0	70.0	1.0	62.0	1.0	34.0	184.70196811556931
5	97.0	0.0	64.0	1.0	33.0	1.0	27.0	127.15021261911808
54
587	233	220
5
1	56.0	0.0	54.0	0.0	21.0	1.0	37.0	28.20363002068413
2	54.0	0.0	50.0	0.0	25.0	1.0	28.0	34.24409686904147
3	62.0	0.0	60.0	0.0	28.0	1.0	56.0	62.95902982608643
4	89.0	1.0	60.0	1.0	45.0	1.0	51.0	153.9744707221514
5	98.0	0.0	51.0	1.0	31.0	1.0	49.0	101.49454309096761
55
587	233	220
5
1	57.0	0.0	31.0	1.0	25.0	1.0	42.0	34.21751661157552
2	95.0	0.0	58.0	1.0	31.0	1.0	35.0	74.96508274816102
3	92.0	1.0	55.0	1.0	54.0	1.0	49.0	129.68403549913984
4	62.0	0.0	39.0	1.0	30.0	1.0	44.0	45.57072207931059
5	89.0	0.0	65.0	0.0	23.0	1.0	42.0	65.65725448421531
56
587	233	220
5
1	98.0	0.0	44.0	1.0	38.0	1.0	27.0	94.01517847254496
2	95.0	0.0	74.0	1.0	40.0	1.0	32.0	148.20812407106828
3	61.0	1.0	47.0	1.0	36.0	1.0	30.0	51.541684583102814
4	86.0	1.0	81.0	1.0	65.0	1.0	23.0	264.7848877698737
5	64.0	0.0	60.0	0.0	22.0	1.0	35.0	66.72497156865258
57
587	233	220
5
1	100.0	1.0	79.0	1.0	52.0	1.0	35.0	172.05778938552487
2	74.0	1.0	43.0	1.0	38.0	1.0	22.0	51.37458138724693
3	74.0	0.0	73.0	1.0	37.0	1.0	22.0	136.78444216700413
4	91.0	0.0	54.0	1.0	30.0	1.0	20.0	62.55773328606281
5	96.0	0.0	89.0	0.0	26.0	1.0	25.0	82.01853525213382
58
587	233	220
5
1	71.0	0.0	63.0	1.0	34.0	1.0	32.0	63.89255722891768
2	68.0	1.0	51.0	1.0	37.0	1.0	36.0	96.33342546901325
3	98.0	0.0	89.0	0.0	29.0	1.0	38.0	104.32505664578555
4	37.0	1.0	32.0	1.0	29.0	1.0	48.0	20.791328871628302
5	98.0	0.0	88.0	0.0	27.0	1.0	40.0	85.82620976591339
59
587	233	220
5
1	86.0	0.0	58.0	0.0	26.0	1.0	16.0	54.3932277659299
2	94.0	0.0	63.0	1.0	43.0	1.0	18.0	155.96259991287477
3	100.0	1.0	100.0	1.0	70.0	1.0	19.0	630.48351201076
4	86.0	1.0	83.0	1.0	60.0	1.0	15.0	255.16034182318862
5	86.0	0.0	60.0	1.0	37.0	1.0	18.0	181.1599373603553
60
587	233	220
5
1	100.0	0.0	69.0	1.0	36.0	1.0	25.0	88.89063345667948
2	95.0	0.0	85.0	1.0	46.0	1.0	20.0	221.40448938484545
3	97.0	0.0	69.0	0.0	29.0	1.0	27.0	111.457402787117
4	87.0	1.0	69.0	1.0	52.0	1.0	25.0	196.35815970889104
5	95.0	0.0	77.0	0.0	23.0	1.0	19.0	60.44783988308629
61
587	233	220
5
1	94.0	0.0	81.0	0.0	36.0	1.0	24.0	159.04821177772757
2	48.0	1.0	34.0	1.0	26.0	1.0	20.0	25.324198909611496
3	100.0	1.0	93.0	1.0	69.0	1.0	25.0	311.4287103344824
4	95.0	0.0	40.0	1.0	36.0	1.0	19.0	68.24818377192423
5	63.0	1.0	63.0	1.0	54.0	1.0	16.0	86.35467598781538
62
587	233	220
5
1	92.0	1.0	82.0	1.0	61.0	1.0	45.0	435.644745527782
2	34.0	1.0	32.0	1.0	29.0	1.0	34.0	21.74185067506174
3	78.0	0.0	32.0	1.0	24.0	1.0	30.0	22.01981655384922
4	51.0	0.0	25.0	1.0	21.0	1.0	26.0	10.519601230527375
5	90.0	0.0	69.0	0.0	25.0	1.0	35.0	137.36861683469152
63
587	233	220
5
1	94.0	0.0	72.0	0.0	28.0	1.0	13.0	182.103122160593
2	90.0	1.0	63.0	1.0	48.0	1.0	18.0	143.18402861508088
3	76.0	1.0	70.0	1.0	39.0	1.0	22.0	144.16342034185294
4	98.0	1.0	95.0	1.0	71.0	1.0	17.0	301.89590020705504
5	74.0	1.0	72.0	1.0	59.0	1.0	22.0	237.6165118200688
64
587	233	220
5
1	65.0	1.0	63.0	1.0	57.0	1.0	30.0	195.8196130600501
2	67.0	0.0	65.0	0.0	20.0	1.0	32.0	53.485549373183645
3	92.0	0.0	38.0	1.0	23.0	1.0	25.0	37.22349723653186
4	90.0	1.0	72.0	1.0	68.0	1.0	33.0	350.2104224221258
5	99.0	0.0	42.0	1.0	28.0	1.0	30.0	56.895720590249844
65
587	233	220
5
1	78.0	0.0	77.0	0.0	20.0	1.0	32.0	52.77499041826179
2	88.0	1.0	79.0	1.0	52.0	1.0	35.0	157.62613719505285
3	95.0	0.0	79.0	0.0	26.0	1.0	36.0	166.44649612712595
4	52.0	1.0	43.0	1.0	42.0	1.0	26.0	63.04260650079447
5	79.0	0.0	62.0	0.0	26.0	1.0	31.0	61.725671573969024
66
587	233	220
5
1	58.0	1.0	45.0	1.0	39.0	1.0	22.0	86.44724720629391
2	93.0	1.0	58.0	1.0	54.0	1.0	15.0	124.81386315027684
3	96.0	0.0	93.0	1.0	48.0	1.0	15.0	394.6912200981816
4	98.0	1.0	96.0	1.0	87.0	1.0	10.0	653.3262207379111
5	96.0	1.0	93.0	1.0	68.0	1.0	14.0	477.1865709438698
67
587	233	220
5
1	86.0	0.0	65.0	0.0	31.0	1.0	28.0	100.37817490480634
2	58.0	1.0	51.0	1.0	44.0	1.0	32.0	63.66310167470029
3	63.0	0.0	31.0	1.0	27.0	1.0	45.0	34.431363527623304
4	95.0	0.0	58.0	1.0	45.0	1.0	38.0	127.83511953448402
5	71.0	1.0	68.0	1.0	64.0	1.0	30.0	143.6768000937317
68
587	233	220
5
1	67.0	1.0	55.0	1.0	44.0	1.0	62.0	104.60705473865362
2	69.0	0.0	38.0	1.0	25.0	1.0	53.0	37.82009048132196
3	92.0	0.0	45.0	0.0	20.0	1.0	48.0	46.03489168955351
4	76.0	0.0	73.0	0.0	33.0	1.0	47.0	96.95626388827715
5	69.0	0.0	48.0	0.0	21.0	1.0	57.0	52.87472888931034
69
587	233	220
5
1	88.0	0.0	53.0	1.0	41.0	1.0	28.0	152.65359685906827
2	99.0	1.0	98.0	1.0	90.0	1.0	21.0	601.8380001581339
3	81.0	0.0	67.0	1.0	36.0	1.0	20.0	74.58408966984135
4	61.0	0.0	32.0	1.0	26.0	1.0	26.0	28.351412589479295
5	63.0	0.0	47.0	0.0	23.0	1.0	16.0	21.23258389471513
70
587	233	220
5
1	79.0	1.0	43.0	1.0	41.0	1.0	30.0	60.42975618339414
2	97.0	0.0	51.0	1.0	46.0	1.0	25.0	160.53236313876798
3	87.0	0.0	75.0	0.0	23.0	1.0	30.0	101.37616742553682
4	24.0	1.0	23.0	1.0	21.0	1.0	28.0	6.210601867457382
5	89.0	1.0	78.0	1.0	69.0	1.0	32.0	288.3021387418856
71
587	233	220
5
1	92.0	1.0	88.0	1.0	56.0	1.0	29.0	234.26697023433496
2	57.0	0.0	27.0	1.0	21.0	1.0	31.0	25.09267258609464
3	91.0	0.0	77.0	0.0	29.0	1.0	36.0	100.26884015463303
4	76.0	0.0	40.0	1.0	38.0	1.0	33.0	41.221576439460556
5	64.0	1.0	61.0	1.0	37.0	1.0	33.0	75.22856513606452
72
587	233	220
5
1	99.0	0.0	78.0	0.0	21.0	1.0	50.0	95.78122757087964
2	71.0	0.0	44.0	1.0	35.0	1.0	58.0	78.48842461843151
3	85.0	0.0	42.0	1.0	26.0	1.0	64.0	56.599418403677866
4	67.0	0.0	36.0	1.0	28.0	1.0	71.0	27.196543812888923
5	81.0	0.0	36.0	1.0	27.0	1.0	61.0	41.275773526652884
73
587	233	220
5
1	91.0	0.0	34.0	1.0	25.0	1.0	40.0	43.169907015557
2	76.0	0.0	35.0	1.0	26.0	1.0	44.0	47.514172019866024
3	82.0	1.0	70.0	1.0	61.0	1.0	45.0	134.81031513955693
4	70.0	0.0	52.0	1.0	33.0	1.0	41.0	58.1851388054414
5	57.0	0.0	35.0	1.0	28.0	1.0	58.0	24.058667775969635
74
587	233	220
5
1	94.0	0.0	30.0	1.0	22.0	1.0	17.0	24.465301762128615
2	93.0	1.0	87.0	1.0	64.0	1.0	21.0	393.4475693467633
3	91.0	1.0	62.0	1.0	56.0	1.0	21.0	129.77625422005477
4	99.0	0.0	65.0	1.0	36.0	1.0	29.0	70.29601544880197
5	77.0	1.0	61.0	1.0	50.0	1.0	20.0	218.54171937789428
75
587	233	220
5
1	88.0	1.0	79.0	1.0	74.0	1.0	22.0	326.1349044405781
2	92.0	0.0	71.0	1.0	44.0	1.0	20.0	132.65383816269696
3	98.0	0.0	82.0	0.0	25.0	1.0	28.0	106.06479982643563
4	86.0	0.0	79.0	0.0	37.0	1.0	19.0	146.62074575626926
5	90.0	0.0	38.0	1.0	31.0	1.0	23.0	69.54487047548722
76
587	233	220
5
1	89.0	0.0	63.0	1.0	42.0	1.0	31.0	109.34494724444137
2	75.0	1.0	60.0	1.0	42.0	1.0	38.0	85.87827736312524
3	95.0	0.0	82.0	0.0	32.0	1.0	28.0	153.08936610645864
4	98.0	0.0	64.0	1.0	48.0	1.0	24.0	162.73342143012275
5	42.0	0.0	39.0	1.0	20.0	1.0	37.0	19.38392125085875
77
587	233	220
5
1	96.0	0.0	55.0	0.0	21.0	1.0	39.0	35.23314482163645
2	74.0	0.0	51.0	0.0	25.0	1.0	34.0	71.8116988707498
3	99.0	0.0	60.0	1.0	34.0	1.0	31.0	91.32933609442769
4	93.0	0.0	81.0	1.0	45.0	1.0	27.0	213.43183124162718
5	62.0	1.0	59.0	1.0	45.0	1.0	43.0	70.77884835746568
78
587	233	220
5
1	81.0	1.0	58.0	1.0	42.0	1.0	31.0	150.66654845136426
2	95.0	0.0	78.0	1.0	46.0	1.0	31.0	187.22663393901917
3	71.0	1.0	39.0	1.0	36.0	1.0	30.0	43.164499742116796
4	89.0	0.0	80.0	0.0	32.0	1.0	25.0	130.04830115585153
5	89.0	0.0	48.0	1.0	37.0	1.0	29.0	102.83284921156796
79
587	233	220
5
1	69.0	0.0	31.0	1.0	28.0	1.0	57.0	34.319589093747325
2	48.0	1.0	43.0	1.0	27.0	1.0	56.0	32.99993962650561
3	62.0	1.0	50.0	1.0	42.0	1.0	70.0	76.30053322723178
4	75.0	0.0	41.0	1.0	37.0	1.0	53.0	51.69946337564645
5	86.0	0.0	47.0	1.0	33.0	1.0	63.0	62.14905481306335
80
587	233	220
5
1	92.0	0.0	71.0	1.0	41.0	1.0	14.0	134.70825242328445
2	92.0	1.0	63.0	1.0	57.0	1.0	25.0	124.23871117921186
3	59.0	1.0	39.0	1.0	36.0	1.0	24.0	45.32429955277388
4	51.0	1.0	47.0	1.0	32.0	1.0	25.0	48.33675357607611
5	88.0	1.0	88.0	1.0	86.0	1.0	21.0	235.71076758505464
81
587	233	220
5
1	60.0	0.0	35.0	1.0	20.0	1.0	47.0	40.106416295484024
2	100.0	0.0	35.0	1.0	33.0	1.0	38.0	95.02766655490787
3	75.0	0.0	73.0	1.0	37.0	1.0	44.0	149.0941281931934
4	57.0	1.0	52.0	1.0	32.0	1.0	38.0	72.39488036171018
5	84.0	1.0	63.0	1.0	49.0	1.0	43.0	81.92349422277287
82
587	233	220
5
1	87.0	1.0	75.0	1.0	67.0	1.0	16.0	360.1483976324058
2	54.0	1.0	41.0	1.0	32.0	1.0	21.0	36.23639281636055
3	92.0	0.0	36.0	1.0	24.0	1.0	21.0	59.244587352742315
4	75.0	0.0	53.0	1.0	36.0	1.0	22.0	88.93692514341669
5	93.0	1.0	91.0	1.0	79.0	1.0	25.0	556.9407681454616
83
587	233	220
5
1	93.0	1.0	72.0	1.0	53.0	1.0	28.0	180.72969760643306
2	88.0	1.0	61.0	1.0	51.0	1.0	35.0	165.83519360714604
3	70.0	0.0	38.0	1.0	25.0	1.0	37.0	31.89500718742028
4	79.0	0.0	51.0	1.0	26.0	1.0	39.0	37.59396108844913
5	76.0	0.0	66.0	0.0	21.0	1.0	38.0	46.08032606522549
84
587	233	220
5
1	90.0	1.0	54.0	1.0	53.0	1.0	51.0	165.35709679846022
2	96.0	0.0	56.0	0.0	27.0	1.0	50.0	88.08092948740877
3	82.0	0.0	65.0	0.0	23.0	1.0	32.0	67.71535858968375
4	54.0	0.0	43.0	0.0	20.0	1.0	37.0	33.19925884642797
5	68.0	0.0	40.0	1.0	32.0	1.0	46.0	39.050188342697915
85
587	233	220
5
1	92.0	1.0	90.0	1.0	74.0	1.0	12.0	484.5469587411701
2	97.0	0.0	88.0	0.0	43.0	1.0	17.0	144.61371451532844
3	88.0	1.0	74.0	1.0	62.0	1.0	18.0	218.53218715359117
4	53.0	1.0	35.0	1.0	35.0	1.0	12.0	26.341894133784848
5	91.0	1.0	70.0	1.0	63.0	1.0	21.0	163.29156531699456
86
587	233	220
5
1	76.0	1.0	71.0	1.0	64.0	1.0	23.0	137.39791039864159
2	80.0	0.0	60.0	1.0	31.0	1.0	22.0	89.89955235901336
3	75.0	0.0	51.0	0.0	23.0	1.0	30.0	49.55064875254127
4	59.0	1.0	56.0	1.0	33.0	1.0	17.0	79.8401585362569
5	93.0	1.0	92.0	1.0	70.0	1.0	24.0	292.8396200517621
87
587	233	220
5
1	99.0	0.0	70.0	1.0	37.0	1.0	24.0	128.91099609067945
2	91.0	0.0	48.0	1.0	30.0	1.0	24.0	68.88520761861601
3	57.0	0.0	35.0	1.0	20.0	1.0	17.0	19.552670498954765
4	94.0	1.0	84.0	1.0	75.0	1.0	27.0	380.84620858281187
5	82.0	0.0	61.0	1.0	38.0	1.0	21.0	74.79308566964278
88
587	233	220
5
1	61.0	1.0	47.0	1.0	46.0	1.0	15.0	99.4027923996761
2	78.0	0.0	70.0	1.0	37.0	1.0	13.0	108.44414937620253
3	100.0	1.0	91.0	1.0	83.0	1.0	26.0	321.539046659122
4	62.0	1.0	50.0	1.0	37.0	1.0	14.0	86.88485884141903
5	77.0	1.0	70.0	1.0	45.0	1.0	16.0	141.71299171315414
89
587	233	220
5
1	69.0	1.0	52.0	1.0	46.0	1.0	14.0	81.97129714445487
2	88.0	1.0	83.0	1.0	74.0	1.0	23.0	463.4649017626141
3	100.0	0.0	90.0	1.0	49.0	1.0	13.0	207.88330347408788
4	98.0	1.0	61.0	1.0	60.0	1.0	17.0	224.60913583190572
5	95.0	0.0	72.0	0.0	22.0	1.0	23.0	114.19281110621087
90
587	233	220
5
1	85.0	0.0	44.0	1.0	39.0	1.0	31.0	68.29641830116807
2	80.0	0.0	78.0	0.0	26.0	1.0	27.0	79.20918714107947
3	92.0	0.0	50.0	1.0	43.0	1.0	34.0	108.55309625078742
4	66.0	0.0	32.0	1.0	30.0	1.0	35.0	57.3122214583988
5	99.0	0.0	78.0	1.0	49.0	1.0	32.0	267.44267587053645
91
587	233	220
5
1	92.0	0.0	45.0	1.0	24.0	1.0	20.0	40.295896066559926
2	87.0	0.0	86.0	0.0	41.0	1.0	28.0	135.5742481775221
3	82.0	1.0	79.0	1.0	55.0	1.0	13.0	179.29459056903602
4	95.0	1.0	82.0	1.0	64.0	1.0	22.0	253.21412536587692
5	72.0	1.0	62.0	1.0	54.0	1.0	16.0	127.0533824051028
92
587	233	220
5
1	83.0	1.0	72.0	1.0	58.0	1.0	35.0	242.78256843604348
2	55.0	0.0	38.0	1.0	23.0	1.0	35.0	28.89085177013737
3	89.0	0.0	37.0	1.0	22.0	1.0	35.0	39.895497615768356
4	75.0	1.0	73.0	1.0	68.0	1.0	31.0	245.35599593261037
5	95.0	0.0	39.0	1.0	21.0	1.0	28.0	64.73020096281925
93
587	233	220
5
1	89.0	1.0	81.0	1.0	68.0	1.0	22.0	210.30553767812103
2	74.0	0.0	31.0	1.0	25.0	1.0	23.0	48.60052040442799
3	91.0	1.0	77.0	1.0	61.0	1.0	18.0	294.6581525292684
4	76.0	1.0	71.0	1.0	49.0	1.0	22.0	123.85174432845949
5	88.0	1.0	66.0	1.0	53.0	1.0	14.0	108.60858310728615
94
587	233	220
5
1	68.0	0.0	46.0	0.0	20.0	1.0	55.0	23.133091002741825
2	67.0	1.0	62.0	1.0	61.0	1.0	43.0	124.52485120664721
3	76.0	0.0	76.0	0.0	24.0	1.0	39.0	66.48940704595995
4	53.0	1.0	39.0	1.0	29.0	1.0	49.0	50.614176689748255
5	77.0	1.0	57.0	1.0	46.0	1.0	36.0	160.0448367105713
95
587	233	220
5
1	97.0	0.0	67.0	1.0	40.0	1.0	27.0	88.79792454913759
2	72.0	0.0	24.0	1.0	23.0	1.0	18.0	24.91274291649953
3	95.0	1.0	81.0	1.0	53.0	1.0	24.0	259.7885344144166
4	62.0	1.0	50.0	1.0	42.0	1.0	27.0	92.45184491229229
5	85.0	1.0	75.0	1.0	53.0	1.0	26.0	213.48117093101453
96
587	233	220
5
1	78.0	1.0	71.0	1.0	55.0	1.0	14.0	122.1556990205818
2	100.0	1.0	79.0	1.0	60.0	1.0	17.0	236.1529120454125
3	98.0	0.0	63.0	0.0	26.0	1.0	11.0	61.32718475130601
4	95.0	1.0	86.0	1.0	84.0	1.0	18.0	571.6941041567597
5	71.0	1.0	61.0	1.0	53.0	1.0	15.0	141.81293484130126
97
587	233	220
5
1	91.0	0.0	32.0	1.0	31.0	1.0	18.0	44.40316823067267
2	84.0	1.0	80.0	1.0	49.0	1.0	15.0	189.5850562004012
3	91.0	1.0	81.0	1.0	76.0	1.0	19.0	282.7120459698219
4	91.0	1.0	75.0	1.0	71.0	1.0	21.0	277.2991262367729
5	95.0	0.0	63.0	1.0	33.0	1.0	12.0	87.29362276873482
98
587	233	220
5
1	45.0	0.0	36.0	1.0	22.0	1.0	37.0	14.80392450318058
2	79.0	0.0	64.0	0.0	23.0	1.0	47.0	66.20596328850289
3	90.0	0.0	47.0	1.0	43.0	1.0	36.0	104.14020416375405
4	85.0	1.0	68.0	1.0	61.0	1.0	38.0	278.7924267801238
5	66.0	0.0	43.0	1.0	32.0	1.0	36.0	44.423734195373214
99
587	233	220
5
1	78.0	0.0	45.0	0.0	22.0	1.0	28.0	37.95661869796714
2	62.0	1.0	58.0	1.0	36.0	1.0	41.0	137.75285478563234
3	85.0	0.0	52.0	1.0	38.0	1.0	27.0	95.41821545423545
4	67.0	0.0	66.0	0.0	25.0	1.0	30.0	46.55773663744728
5	97.0	1.0	82.0	1.0	74.0	1.0	25.0	199.01879314305046
100
587	233	220
5
1	96.0	0.0	52.0	0.0	26.0	1.0	40.0	92.39824653304709
2	47.0	1.0	36.0	1.0	31.0	1.0	36.0	25.882769972559803
3	70.0	1.0	60.0	1.0	43.0	1.0	40.0	147.38903471865703
4	78.0	1.0	50.0	1.0	45.0	1.0	36.0	110.89089411098556
5	97.0	0.0	60.0	1.0	40.0	1.0	40.0	141.46132345081534
