1
587	233	220
8
1	83.0	0.0	69.0	0.0	31.0	1.0	24.0	163.04379142203842
2	84.0	0.0	66.0	1.0	42.0	1.0	22.0	81.98451210217333
3	75.0	1.0	54.0	1.0	39.0	1.0	23.0	94.6407245663653
4	73.0	1.0	71.0	1.0	56.0	1.0	24.0	177.21514018990544
5	73.0	0.0	51.0	1.0	31.0	1.0	13.0	43.12071312832849
6	75.0	0.0	45.0	1.0	33.0	1.0	21.0	74.51259522100412
7	72.0	1.0	68.0	1.0	38.0	1.0	17.0	69.91852314769204
8	76.0	0.0	60.0	0.0	27.0	1.0	25.0	49.67796061234127
2
587	233	220
8
1	87.0	0.0	62.0	0.0	22.0	1.0	11.0	68.91275251594563
2	100.0	1.0	84.0	1.0	72.0	1.0	12.0	268.00787823664433
3	96.0	0.0	42.0	1.0	28.0	1.0	10.0	55.323351455763
4	87.0	1.0	74.0	1.0	49.0	1.0	16.0	175.00798996034914
5	89.0	1.0	57.0	1.0	54.0	1.0	11.0	210.19062815226943
6	91.0	1.0	82.0	1.0	77.0	1.0	14.0	260.80136761793545
7	82.0	0.0	57.0	1.0	35.0	1.0	11.0	105.1184245274467
8	97.0	0.0	38.0	1.0	37.0	1.0	18.0	94.20105673335368
3
587	233	220
8
1	70.0	1.0	53.0	1.0	39.0	1.0	14.0	50.56146919706762
2	100.0	1.0	98.0	1.0	64.0	1.0	16.0	338.7450944367472
3	67.0	1.0	66.0	1.0	60.0	1.0	17.0	137.6314769255503
4	78.0	0.0	52.0	1.0	37.0	1.0	22.0	125.45348111269364
5	58.0	1.0	37.0	1.0	34.0	1.0	15.0	67.1335776105889
6	89.0	1.0	86.0	1.0	47.0	1.0	14.0	215.07885700212879
7	38.0	1.0	30.0	1.0	24.0	1.0	19.0	12.966693284783018
8	86.0	0.0	51.0	1.0	36.0	1.0	22.0	83.40193872701967
4
587	233	220
8
1	70.0	0.0	47.0	0.0	23.0	1.0	12.0	66.79818375109882
2	86.0	1.0	76.0	1.0	64.0	1.0	14.0	185.77234472779028
3	94.0	0.0	92.0	0.0	21.0	1.0	8.0	146.84784189681895
4	96.0	0.0	31.0	1.0	26.0	1.0	15.0	48.69291512733233
5	81.0	1.0	69.0	1.0	51.0	1.0	11.0	224.98442357073537
6	92.0	0.0	47.0	1.0	33.0	1.0	11.0	44.5951382135221
7	96.0	1.0	93.0	1.0	77.0	1.0	16.0	313.3473717924912
8	98.0	1.0	97.0	1.0	75.0	1.0	7.0	505.1032108044446
5
587	233	220
8
1	95.0	1.0	90.0	1.0	84.0	1.0	16.0	499.79250164866204
2	60.0	1.0	51.0	1.0	47.0	1.0	16.0	68.18965519375082
3	94.0	0.0	64.0	0.0	22.0	1.0	11.0	61.27385961101709
4	99.0	0.0	70.0	0.0	30.0	1.0	16.0	116.69096399424556
5	68.0	1.0	50.0	1.0	36.0	1.0	21.0	78.29366369461644
6	76.0	1.0	73.0	1.0	67.0	1.0	10.0	171.6611229070746
7	67.0	0.0	64.0	0.0	22.0	1.0	8.0	73.64728006206145
8	84.0	1.0	77.0	1.0	43.0	1.0	16.0	240.31467614815404
6
587	233	220
8
1	72.0	0.0	71.0	0.0	24.0	1.0	27.0	54.366905224707104
2	90.0	0.0	54.0	0.0	21.0	1.0	37.0	32.62161132407657
3	42.0	1.0	29.0	1.0	23.0	1.0	20.0	18.968936270132936
4	85.0	0.0	50.0	1.0	42.0	1.0	38.0	139.00669398075416
5	82.0	0.0	34.0	1.0	20.0	1.0	49.0	27.73046086149047
6	75.0	0.0	46.0	0.0	23.0	1.0	27.0	29.22229044232881
7	96.0	0.0	91.0	0.0	34.0	1.0	31.0	165.8572759239547
8	61.0	0.0	28.0	1.0	26.0	1.0	33.0	26.817226539677872
7
587	233	220
8
1	72.0	1.0	63.0	1.0	56.0	1.0	27.0	168.98224486481877
2	82.0	1.0	64.0	1.0	55.0	1.0	14.0	140.67180149596987
3	65.0	1.0	50.0	1.0	37.0	1.0	13.0	76.3909506798456
4	57.0	0.0	44.0	1.0	28.0	1.0	13.0	51.9415935794127
5	68.0	1.0	47.0	1.0	37.0	1.0	15.0	68.55930255276624
6	96.0	0.0	84.0	0.0	37.0	1.0	16.0	171.5554711812715
7	89.0	1.0	74.0	1.0	45.0	1.0	16.0	155.1807459276911
8	90.0	0.0	80.0	0.0	39.0	1.0	19.0	111.93566042547059
8
587	233	220
8
1	40.0	1.0	34.0	1.0	23.0	1.0	11.0	14.106511906834093
2	64.0	1.0	47.0	1.0	33.0	1.0	15.0	50.83303224020919
3	98.0	0.0	29.0	1.0	20.0	1.0	23.0	41.93449863573378
4	94.0	1.0	76.0	1.0	70.0	1.0	15.0	275.05375111547716
5	26.0	1.0	22.0	1.0	20.0	1.0	17.0	6.504368666617722
6	75.0	1.0	72.0	1.0	43.0	1.0	20.0	88.23788821620799
7	93.0	1.0	70.0	1.0	47.0	1.0	19.0	163.67758065614447
8	91.0	1.0	79.0	1.0	75.0	1.0	16.0	347.88417765958474
9
587	233	220
8
1	99.0	1.0	76.0	1.0	53.0	1.0	15.0	228.41367502037798
2	47.0	1.0	43.0	1.0	32.0	1.0	13.0	32.58948378453373
3	99.0	0.0	83.0	1.0	47.0	1.0	16.0	303.1204166822954
4	81.0	0.0	58.0	0.0	23.0	1.0	21.0	53.78936352381083
5	99.0	0.0	88.0	0.0	34.0	1.0	21.0	258.7618070092741
6	94.0	0.0	72.0	0.0	27.0	1.0	16.0	116.56657153950911
7	79.0	1.0	77.0	1.0	40.0	1.0	13.0	77.63402581637538
8	61.0	1.0	51.0	1.0	50.0	1.0	16.0	139.19793821640044
10
587	233	220
8
1	95.0	0.0	43.0	1.0	41.0	1.0	16.0	111.21402175838259
2	94.0	0.0	54.0	1.0	46.0	1.0	25.0	165.8833423164691
3	78.0	1.0	73.0	1.0	57.0	1.0	18.0	203.42881860830295
4	95.0	0.0	37.0	1.0	26.0	1.0	15.0	38.37647510285985
5	70.0	0.0	44.0	1.0	28.0	1.0	22.0	47.84184193562622
6	92.0	0.0	43.0	1.0	40.0	1.0	16.0	113.23806498384938
7	87.0	0.0	67.0	1.0	42.0	1.0	27.0	86.91762485667057
8	93.0	0.0	64.0	0.0	32.0	1.0	17.0	94.98556764756523
11
587	233	220
8
1	95.0	0.0	55.0	0.0	25.0	1.0	21.0	96.13603738836822
2	57.0	1.0	48.0	1.0	37.0	1.0	17.0	76.2628098784588
3	88.0	0.0	53.0	1.0	31.0	1.0	22.0	102.29888982837132
4	100.0	1.0	68.0	1.0	59.0	1.0	22.0	206.2951408098527
5	80.0	1.0	65.0	1.0	56.0	1.0	21.0	108.89428509188338
6	45.0	0.0	31.0	1.0	21.0	1.0	24.0	15.251379936389009
7	82.0	0.0	66.0	1.0	39.0	1.0	26.0	94.3322581963637
8	81.0	0.0	36.0	1.0	20.0	1.0	20.0	40.807120340817995
12
587	233	220
8
1	50.0	0.0	40.0	1.0	21.0	1.0	14.0	19.856525274098495
2	57.0	0.0	34.0	1.0	22.0	1.0	23.0	14.245217521591858
3	67.0	1.0	59.0	1.0	53.0	1.0	20.0	159.5435650575406
4	72.0	0.0	70.0	0.0	29.0	1.0	33.0	80.8067627988779
5	93.0	0.0	74.0	0.0	23.0	1.0	24.0	89.9818986626547
6	43.0	1.0	35.0	1.0	26.0	1.0	27.0	26.366870370801223
7	77.0	0.0	53.0	0.0	26.0	1.0	27.0	80.02001981163198
8	83.0	1.0	71.0	1.0	66.0	1.0	30.0	306.2472895852795
13
587	233	220
8
1	79.0	1.0	63.0	1.0	49.0	1.0	23.0	207.72611698547465
2	90.0	0.0	88.0	0.0	35.0	1.0	17.0	104.25884547219572
3	76.0	0.0	58.0	1.0	35.0	1.0	18.0	57.54641240320955
4	58.0	0.0	52.0	0.0	23.0	1.0	18.0	55.62167370066039
5	81.0	0.0	78.0	0.0	29.0	1.0	19.0	138.8803209289761
6	89.0	1.0	83.0	1.0	72.0	1.0	16.0	327.33382056138754
7	98.0	0.0	28.0	1.0	27.0	1.0	20.0	35.13038694081073
8	82.0	0.0	76.0	0.0	21.0	1.0	17.0	53.45784923910461
14
587	233	220
8
1	87.0	0.0	34.0	1.0	25.0	1.0	21.0	26.72130856140691
2	92.0	1.0	73.0	1.0	70.0	1.0	27.0	194.3067496278321
3	92.0	1.0	75.0	1.0	53.0	1.0	15.0	315.5199393710642
4	68.0	1.0	65.0	1.0	54.0	1.0	12.0	200.21905054825308
5	100.0	0.0	83.0	1.0	46.0	1.0	11.0	185.72108007564157
6	93.0	0.0	34.0	1.0	23.0	1.0	12.0	33.399994669301655
7	77.0	0.0	46.0	1.0	30.0	1.0	16.0	46.201302819973215
8	58.0	0.0	46.0	1.0	26.0	1.0	10.0	55.69267440464692
15
587	233	220
8
1	97.0	0.0	86.0	0.0	22.0	1.0	10.0	136.41377973960056
2	80.0	1.0	67.0	1.0	56.0	1.0	7.0	247.11641904162374
3	89.0	1.0	68.0	1.0	53.0	1.0	14.0	180.96465427749544
4	91.0	1.0	78.0	1.0	73.0	1.0	12.0	208.237422621215
5	43.0	0.0	29.0	1.0	21.0	1.0	15.0	16.267466295889605
6	74.0	1.0	65.0	1.0	55.0	1.0	16.0	138.33783981336111
7	79.0	0.0	68.0	1.0	37.0	1.0	10.0	76.97724752590877
8	100.0	1.0	98.0	1.0	66.0	1.0	13.0	310.8180316464969
16
587	233	220
8
1	35.0	1.0	22.0	1.0	22.0	1.0	22.0	8.30923760024642
2	65.0	0.0	37.0	1.0	27.0	1.0	15.0	48.262988070989486
3	97.0	0.0	84.0	0.0	25.0	1.0	21.0	98.85065009919713
4	51.0	1.0	44.0	1.0	35.0	1.0	25.0	35.81501944769165
5	83.0	0.0	72.0	0.0	25.0	1.0	21.0	92.52555139524526
6	88.0	1.0	69.0	1.0	68.0	1.0	21.0	170.54982472179543
7	92.0	1.0	70.0	1.0	65.0	1.0	17.0	289.84847268381264
8	100.0	0.0	57.0	1.0	31.0	1.0	18.0	85.23144777091676
17
587	233	220
8
1	88.0	1.0	76.0	1.0	65.0	1.0	13.0	187.96678719470282
2	90.0	0.0	55.0	1.0	40.0	1.0	23.0	159.38246585620792
3	78.0	0.0	51.0	0.0	21.0	1.0	16.0	57.81908411571947
4	92.0	1.0	62.0	1.0	55.0	1.0	18.0	126.24573545675753
5	54.0	1.0	36.0	1.0	29.0	1.0	14.0	23.69980544740316
6	78.0	1.0	73.0	1.0	54.0	1.0	16.0	206.1063278362212
7	67.0	1.0	60.0	1.0	43.0	1.0	14.0	121.01651183030268
8	97.0	1.0	74.0	1.0	49.0	1.0	13.0	216.07753273490835
18
587	233	220
8
1	61.0	0.0	30.0	1.0	24.0	1.0	21.0	32.52345005752522
2	74.0	0.0	73.0	0.0	36.0	1.0	26.0	76.89763478309823
3	76.0	1.0	65.0	1.0	44.0	1.0	25.0	91.48301513130603
4	95.0	0.0	77.0	0.0	25.0	1.0	20.0	62.461063513208984
5	81.0	0.0	56.0	0.0	27.0	1.0	17.0	38.28268192974617
6	99.0	0.0	94.0	0.0	28.0	1.0	30.0	126.78851342135597
7	85.0	0.0	43.0	1.0	39.0	1.0	17.0	122.0386885163571
8	56.0	1.0	40.0	1.0	38.0	1.0	31.0	34.98500715380544
19
587	233	220
8
1	67.0	1.0	61.0	1.0	58.0	1.0	20.0	102.2096378295426
2	75.0	0.0	55.0	0.0	22.0	1.0	26.0	67.5659545641023
3	38.0	1.0	35.0	1.0	22.0	1.0	32.0	11.836612278079848
4	97.0	0.0	52.0	0.0	21.0	1.0	23.0	87.68823277443515
5	96.0	0.0	53.0	1.0	44.0	1.0	19.0	138.33501872193494
6	98.0	1.0	69.0	1.0	61.0	1.0	13.0	161.48569190421728
7	96.0	0.0	48.0	1.0	47.0	1.0	26.0	141.54306594655728
8	96.0	0.0	87.0	0.0	20.0	1.0	26.0	111.30094991413662
20
587	233	220
8
1	41.0	1.0	30.0	1.0	27.0	1.0	40.0	17.296869012798012
2	70.0	0.0	48.0	1.0	33.0	1.0	23.0	42.201475604717416
3	62.0	1.0	43.0	1.0	41.0	1.0	28.0	47.00758397084537
4	45.0	1.0	31.0	1.0	23.0	1.0	29.0	15.256738060427853
5	93.0	0.0	90.0	0.0	35.0	1.0	35.0	209.3104592361181
6	71.0	0.0	62.0	0.0	20.0	1.0	37.0	48.88621487822308
7	56.0	0.0	31.0	1.0	26.0	1.0	28.0	16.383853413279482
8	98.0	0.0	72.0	0.0	34.0	1.0	31.0	118.1712031888512
21
587	233	220
8
1	92.0	0.0	79.0	0.0	21.0	1.0	9.0	68.64550016563945
2	64.0	0.0	60.0	0.0	22.0	1.0	14.0	45.0152924842483
3	99.0	1.0	98.0	1.0	71.0	1.0	14.0	248.39372778449135
4	98.0	1.0	90.0	1.0	76.0	1.0	19.0	250.02545574765458
5	67.0	1.0	54.0	1.0	38.0	1.0	12.0	63.517298350115304
6	71.0	1.0	53.0	1.0	41.0	1.0	16.0	114.99139274069341
7	61.0	0.0	41.0	1.0	25.0	1.0	8.0	26.191740025836644
8	37.0	1.0	32.0	1.0	29.0	1.0	13.0	14.279668858916372
22
587	233	220
8
1	92.0	1.0	85.0	1.0	71.0	1.0	16.0	341.40616518523655
2	84.0	0.0	29.0	1.0	22.0	1.0	18.0	27.972562762787998
3	50.0	0.0	37.0	1.0	23.0	1.0	21.0	32.47959840208042
4	68.0	0.0	56.0	0.0	27.0	1.0	22.0	41.42587335368399
5	95.0	1.0	81.0	1.0	61.0	1.0	14.0	277.90146829030493
6	92.0	1.0	63.0	1.0	52.0	1.0	20.0	127.36979365990076
7	90.0	0.0	40.0	1.0	21.0	1.0	16.0	42.81661365719816
8	74.0	1.0	68.0	1.0	52.0	1.0	12.0	262.63583587772865
23
587	233	220
8
1	64.0	1.0	41.0	1.0	35.0	1.0	11.0	53.567322858780905
2	90.0	1.0	88.0	1.0	51.0	1.0	14.0	186.2368708398844
3	65.0	1.0	61.0	1.0	45.0	1.0	16.0	119.49553317682448
4	99.0	1.0	62.0	1.0	53.0	1.0	20.0	225.37501136581324
5	100.0	1.0	77.0	1.0	69.0	1.0	14.0	243.6824736677548
6	48.0	1.0	36.0	1.0	35.0	1.0	22.0	29.105423066855245
7	44.0	0.0	27.0	1.0	22.0	1.0	14.0	15.620019413023838
8	96.0	1.0	79.0	1.0	54.0	1.0	12.0	179.92465956259198
24
587	233	220
8
1	99.0	0.0	48.0	1.0	27.0	1.0	6.0	113.42886222169116
2	92.0	1.0	87.0	1.0	61.0	1.0	12.0	321.4877031442749
3	83.0	0.0	50.0	1.0	30.0	1.0	19.0	69.69684671614111
4	66.0	0.0	45.0	0.0	22.0	1.0	10.0	35.21078383375616
5	98.0	1.0	79.0	1.0	62.0	1.0	21.0	219.22000190805744
6	55.0	1.0	51.0	1.0	38.0	1.0	14.0	56.59850391485055
7	98.0	0.0	90.0	0.0	34.0	1.0	15.0	107.31289194974812
8	91.0	1.0	77.0	1.0	51.0	1.0	11.0	348.3025849094266
25
587	233	220
8
1	100.0	1.0	63.0	1.0	51.0	1.0	9.0	277.838443046812
2	90.0	1.0	81.0	1.0	49.0	1.0	17.0	169.32562675065662
3	64.0	1.0	37.0	1.0	36.0	1.0	20.0	47.50707018766948
4	99.0	0.0	80.0	0.0	39.0	1.0	13.0	265.25841718108285
5	94.0	1.0	85.0	1.0	57.0	1.0	15.0	293.93382081228157
6	93.0	0.0	53.0	1.0	40.0	1.0	13.0	84.82927034838514
7	69.0	1.0	57.0	1.0	44.0	1.0	13.0	90.62616834764079
8	72.0	1.0	65.0	1.0	55.0	1.0	14.0	202.42601761731774
26
587	233	220
8
1	71.0	1.0	66.0	1.0	61.0	1.0	15.0	185.01040160508492
2	81.0	1.0	74.0	1.0	54.0	1.0	18.0	169.4383454639144
3	65.0	1.0	42.0	1.0	38.0	1.0	15.0	58.18281252247064
4	35.0	1.0	34.0	1.0	24.0	1.0	9.0	10.961945570813176
5	91.0	1.0	72.0	1.0	48.0	1.0	16.0	144.65812651827724
6	87.0	0.0	67.0	1.0	35.0	1.0	10.0	91.65591244618936
7	98.0	1.0	62.0	1.0	59.0	1.0	18.0	203.6605096222705
8	92.0	0.0	67.0	1.0	44.0	1.0	17.0	174.74268560386128
27
587	233	220
8
1	94.0	1.0	79.0	1.0	67.0	1.0	10.0	226.77577119868374
2	94.0	0.0	53.0	0.0	24.0	1.0	17.0	75.17960446925169
3	88.0	1.0	63.0	1.0	51.0	1.0	12.0	174.0136151775462
4	84.0	0.0	71.0	0.0	26.0	1.0	13.0	63.21363039003544
5	85.0	0.0	28.0	1.0	22.0	1.0	21.0	22.86786825205684
6	88.0	0.0	69.0	1.0	41.0	1.0	18.0	155.48881499723595
7	88.0	0.0	67.0	1.0	42.0	1.0	22.0	118.42784282204839
8	99.0	1.0	83.0	1.0	51.0	1.0	15.0	133.45329555569458
28
587	233	220
8
1	100.0	0.0	42.0	1.0	34.0	1.0	16.0	109.18909013877769
2	91.0	1.0	77.0	1.0	61.0	1.0	11.0	153.68801626041213
3	61.0	0.0	59.0	0.0	20.0	1.0	12.0	58.31957565165326
4	69.0	1.0	66.0	1.0	60.0	1.0	16.0	181.9463183609854
5	97.0	0.0	90.0	1.0	48.0	1.0	19.0	205.96194683493238
6	93.0	0.0	81.0	1.0	43.0	1.0	19.0	138.01923172342507
7	61.0	1.0	52.0	1.0	52.0	1.0	9.0	152.74555852842894
8	98.0	0.0	54.0	1.0	38.0	1.0	10.0	72.79673051325558
29
587	233	220
8
1	91.0	0.0	74.0	0.0	27.0	1.0	14.0	102.40152534707184
2	75.0	0.0	47.0	1.0	30.0	1.0	10.0	62.78395178631731
3	81.0	1.0	72.0	1.0	71.0	1.0	13.0	186.79810941772016
4	79.0	1.0	70.0	1.0	46.0	1.0	21.0	142.96431590768213
5	90.0	1.0	85.0	1.0	66.0	1.0	13.0	212.75465711130963
6	89.0	0.0	45.0	1.0	28.0	1.0	10.0	50.72025509674134
7	100.0	1.0	85.0	1.0	55.0	1.0	9.0	317.5985419397521
8	82.0	1.0	57.0	1.0	47.0	1.0	16.0	84.50448068678934
30
587	233	220
8
1	79.0	0.0	57.0	0.0	23.0	1.0	16.0	57.806099775108414
2	93.0	1.0	84.0	1.0	53.0	1.0	13.0	194.05632163529447
3	95.0	0.0	73.0	1.0	43.0	1.0	24.0	102.69213933579545
4	73.0	1.0	68.0	1.0	43.0	1.0	17.0	167.74180875020005
5	96.0	0.0	62.0	1.0	46.0	1.0	14.0	162.33943105657931
6	36.0	1.0	30.0	1.0	26.0	1.0	16.0	13.076508034741515
7	80.0	0.0	47.0	1.0	35.0	1.0	22.0	72.81592375781507
8	64.0	1.0	58.0	1.0	52.0	1.0	26.0	87.79429348346498
31
587	233	220
8
1	98.0	1.0	97.0	1.0	86.0	1.0	16.0	503.80540840609166
2	93.0	0.0	39.0	1.0	37.0	1.0	13.0	69.43128896186637
3	75.0	1.0	61.0	1.0	57.0	1.0	11.0	122.99481177104904
4	94.0	1.0	70.0	1.0	54.0	1.0	11.0	166.68379254308047
5	100.0	0.0	68.0	1.0	35.0	1.0	14.0	86.63993726961705
6	35.0	1.0	32.0	1.0	20.0	1.0	19.0	16.35471253479681
7	98.0	0.0	77.0	0.0	27.0	1.0	20.0	91.10669209571938
8	46.0	0.0	34.0	1.0	20.0	1.0	17.0	19.86274689854201
32
587	233	220
8
1	88.0	0.0	39.0	1.0	23.0	1.0	16.0	65.25586859461991
2	87.0	1.0	48.0	1.0	46.0	1.0	17.0	122.86715245752004
3	91.0	1.0	79.0	1.0	71.0	1.0	13.0	299.78171267766203
4	66.0	0.0	41.0	1.0	32.0	1.0	16.0	46.84977651665371
5	66.0	1.0	49.0	1.0	37.0	1.0	7.0	66.35676084781596
6	92.0	0.0	91.0	0.0	21.0	1.0	15.0	116.02763583986199
7	98.0	1.0	96.0	1.0	74.0	1.0	13.0	610.520758139514
8	98.0	0.0	75.0	1.0	42.0	1.0	16.0	205.3601600631324
33
587	233	220
8
1	59.0	1.0	51.0	1.0	34.0	1.0	15.0	65.24243997387735
2	99.0	0.0	98.0	0.0	45.0	1.0	12.0	304.4157481856483
3	80.0	1.0	73.0	1.0	66.0	1.0	12.0	326.6059929742309
4	89.0	0.0	44.0	1.0	42.0	1.0	9.0	68.97963170779747
5	99.0	1.0	89.0	1.0	65.0	1.0	12.0	337.53248790759795
6	100.0	0.0	97.0	0.0	24.0	1.0	14.0	138.34219802973354
7	89.0	1.0	81.0	1.0	72.0	1.0	11.0	201.17409554223343
8	76.0	0.0	56.0	0.0	28.0	1.0	10.0	68.87662612343838
34
587	233	220
8
1	71.0	0.0	69.0	1.0	35.0	1.0	19.0	67.12524946565122
2	62.0	1.0	60.0	1.0	45.0	1.0	17.0	104.26846576710902
3	90.0	0.0	84.0	0.0	32.0	1.0	10.0	178.3003991575751
4	80.0	0.0	71.0	1.0	39.0	1.0	21.0	132.96636986032752
5	92.0	0.0	82.0	0.0	23.0	1.0	22.0	94.48722636020324
6	100.0	1.0	89.0	1.0	73.0	1.0	12.0	532.3321237849525
7	86.0	0.0	39.0	1.0	33.0	1.0	21.0	79.66525555027324
8	65.0	1.0	62.0	1.0	45.0	1.0	16.0	64.95620715734346
35
587	233	220
8
1	45.0	1.0	38.0	1.0	33.0	1.0	32.0	30.356714285352258
2	88.0	0.0	45.0	1.0	28.0	1.0	36.0	42.97524620037416
3	100.0	0.0	82.0	0.0	35.0	1.0	27.0	97.16779381906298
4	87.0	0.0	36.0	1.0	35.0	1.0	36.0	38.18058848553121
5	81.0	0.0	34.0	1.0	27.0	1.0	36.0	33.63356477283248
6	81.0	1.0	56.0	1.0	52.0	1.0	25.0	107.43654240221561
7	48.0	0.0	41.0	1.0	21.0	1.0	27.0	18.739880129685893
8	53.0	1.0	42.0	1.0	34.0	1.0	38.0	44.355199682609026
36
587	233	220
8
1	90.0	1.0	70.0	1.0	58.0	1.0	13.0	173.83573534121012
2	93.0	1.0	79.0	1.0	67.0	1.0	11.0	421.81054353568015
3	88.0	1.0	57.0	1.0	56.0	1.0	9.0	253.59329149242515
4	97.0	1.0	89.0	1.0	87.0	1.0	14.0	304.81887341610894
5	54.0	1.0	36.0	1.0	36.0	1.0	13.0	39.451769965605926
6	93.0	0.0	43.0	1.0	30.0	1.0	20.0	66.6412566112354
7	94.0	0.0	87.0	0.0	38.0	1.0	7.0	111.97559992958347
8	52.0	1.0	37.0	1.0	33.0	1.0	18.0	42.0602817368635
37
587	233	220
8
1	75.0	1.0	53.0	1.0	39.0	1.0	12.0	78.89895516716233
2	100.0	1.0	80.0	1.0	58.0	1.0	18.0	203.85949897407565
3	54.0	1.0	49.0	1.0	44.0	1.0	20.0	82.80514861051184
4	90.0	1.0	78.0	1.0	48.0	1.0	17.0	118.69032083423502
5	68.0	1.0	58.0	1.0	50.0	1.0	13.0	82.65420746531535
6	79.0	0.0	69.0	0.0	27.0	1.0	15.0	110.43628425495791
7	88.0	0.0	77.0	1.0	42.0	1.0	11.0	191.68982733266708
8	100.0	0.0	92.0	0.0	25.0	1.0	17.0	130.89224166814623
38
587	233	220
8
1	80.0	0.0	74.0	0.0	36.0	1.0	23.0	102.31743615454994
2	92.0	0.0	85.0	0.0	40.0	1.0	24.0	185.15138199533177
3	79.0	0.0	47.0	1.0	37.0	1.0	16.0	70.17033836035593
4	91.0	0.0	62.0	1.0	33.0	1.0	22.0	117.6462071484397
5	53.0	0.0	51.0	0.0	20.0	1.0	24.0	19.439564836448774
6	80.0	0.0	77.0	0.0	35.0	1.0	32.0	96.03224166785897
7	68.0	0.0	43.0	1.0	25.0	1.0	31.0	41.47553267343408
8	43.0	0.0	39.0	1.0	20.0	1.0	27.0	24.038717462522236
39
587	233	220
8
1	91.0	1.0	77.0	1.0	74.0	1.0	14.0	284.94293627607556
2	87.0	1.0	71.0	1.0	48.0	1.0	15.0	126.61949758916296
3	92.0	0.0	47.0	1.0	38.0	1.0	11.0	61.731683463306474
4	87.0	0.0	63.0	1.0	42.0	1.0	8.0	86.6392308654326
5	79.0	1.0	65.0	1.0	58.0	1.0	16.0	112.47123435245358
6	97.0	1.0	79.0	1.0	75.0	1.0	11.0	381.4405596568273
7	63.0	1.0	57.0	1.0	36.0	1.0	10.0	43.77515969483543
8	92.0	0.0	86.0	0.0	25.0	1.0	11.0	73.96622911219372
40
587	233	220
8
1	97.0	0.0	54.0	1.0	42.0	1.0	11.0	168.31788382246228
2	88.0	0.0	83.0	0.0	22.0	1.0	9.0	116.81053854166905
3	83.0	1.0	75.0	1.0	51.0	1.0	22.0	302.2281708182249
4	63.0	1.0	63.0	1.0	51.0	1.0	21.0	84.38324764257605
5	52.0	0.0	23.0	1.0	21.0	1.0	11.0	19.007275660500106
6	88.0	0.0	86.0	0.0	34.0	1.0	12.0	144.67060068136468
7	93.0	1.0	90.0	1.0	66.0	1.0	13.0	263.80507961403123
8	93.0	0.0	69.0	1.0	43.0	1.0	16.0	195.9427986832213
41
587	233	220
8
1	81.0	1.0	52.0	1.0	50.0	1.0	11.0	130.30093612558346
2	90.0	1.0	58.0	1.0	51.0	1.0	10.0	149.8163163166436
3	95.0	1.0	72.0	1.0	54.0	1.0	12.0	204.38254425682982
4	98.0	0.0	96.0	0.0	45.0	1.0	10.0	126.41779320967416
5	82.0	1.0	81.0	1.0	52.0	1.0	14.0	188.31562714746732
6	80.0	1.0	67.0	1.0	61.0	1.0	13.0	173.08751206119385
7	93.0	1.0	55.0	1.0	51.0	1.0	13.0	141.69066764114487
8	85.0	1.0	82.0	1.0	65.0	1.0	8.0	210.67310803269564
42
587	233	220
8
1	28.0	1.0	26.0	1.0	21.0	1.0	28.0	6.650821544809921
2	78.0	1.0	70.0	1.0	46.0	1.0	19.0	110.05242176551121
3	91.0	0.0	61.0	1.0	32.0	1.0	26.0	75.77194005493473
4	68.0	1.0	58.0	1.0	55.0	1.0	29.0	139.00538451130168
5	51.0	0.0	47.0	0.0	22.0	1.0	26.0	38.58191160576559
6	94.0	1.0	54.0	1.0	50.0	1.0	26.0	150.42421850098216
7	100.0	0.0	65.0	0.0	22.0	1.0	34.0	93.46291245952158
8	51.0	0.0	31.0	1.0	24.0	1.0	28.0	16.277614123755686
43
587	233	220
8
1	98.0	0.0	35.0	1.0	21.0	1.0	17.0	44.27186135185325
2	98.0	1.0	72.0	1.0	66.0	1.0	22.0	374.6145010503257
3	97.0	0.0	57.0	1.0	47.0	1.0	20.0	111.2252649003753
4	100.0	0.0	45.0	0.0	21.0	1.0	24.0	38.20177305802156
5	50.0	1.0	40.0	1.0	28.0	1.0	13.0	26.756824806188398
6	66.0	1.0	60.0	1.0	43.0	1.0	21.0	122.9996723418721
7	85.0	1.0	57.0	1.0	54.0	1.0	13.0	130.8256335814133
8	89.0	0.0	79.0	0.0	35.0	1.0	14.0	133.88845261102009
44
587	233	220
8
1	75.0	0.0	46.0	1.0	33.0	1.0	11.0	78.75987022840931
2	90.0	1.0	77.0	1.0	52.0	1.0	15.0	210.1226290536783
3	60.0	1.0	54.0	1.0	37.0	1.0	18.0	57.22513531314403
4	67.0	1.0	63.0	1.0	44.0	1.0	19.0	125.81092042039771
5	94.0	0.0	74.0	1.0	39.0	1.0	12.0	112.13714119781783
6	92.0	1.0	78.0	1.0	78.0	1.0	9.0	339.2230423277958
7	77.0	1.0	52.0	1.0	48.0	1.0	19.0	89.93833320380818
8	83.0	1.0	83.0	1.0	73.0	1.0	11.0	281.15713074499826
45
587	233	220
8
1	80.0	1.0	76.0	1.0	49.0	1.0	14.0	156.1178426677704
2	88.0	0.0	35.0	1.0	33.0	1.0	17.0	65.57971156838006
3	98.0	0.0	89.0	0.0	33.0	1.0	10.0	170.21727253563932
4	90.0	0.0	45.0	1.0	31.0	1.0	15.0	95.60685162717986
5	99.0	0.0	67.0	0.0	30.0	1.0	17.0	131.1429431572464
6	94.0	1.0	81.0	1.0	56.0	1.0	14.0	364.77587521924625
7	96.0	1.0	84.0	1.0	81.0	1.0	11.0	337.1816916118976
8	83.0	0.0	69.0	1.0	37.0	1.0	13.0	105.19591906481236
46
587	233	220
8
1	33.0	1.0	29.0	1.0	22.0	1.0	32.0	12.206070117242172
2	92.0	0.0	70.0	1.0	37.0	1.0	32.0	179.5978354122728
3	45.0	0.0	30.0	1.0	21.0	1.0	35.0	11.401056109071865
4	84.0	0.0	31.0	1.0	20.0	1.0	35.0	41.86669441987529
5	60.0	1.0	51.0	1.0	45.0	1.0	23.0	85.04763811138108
6	90.0	0.0	65.0	0.0	21.0	1.0	42.0	91.67220830495846
7	72.0	0.0	43.0	1.0	25.0	1.0	28.0	55.62228201809577
8	66.0	1.0	62.0	1.0	62.0	1.0	33.0	213.91092867288145
47
587	233	220
8
1	44.0	0.0	41.0	1.0	22.0	1.0	14.0	28.3579365590469
2	46.0	1.0	35.0	1.0	34.0	1.0	19.0	36.24740590276527
3	100.0	0.0	64.0	1.0	43.0	1.0	22.0	126.25275783058149
4	100.0	0.0	86.0	1.0	44.0	1.0	20.0	371.2549952972095
5	88.0	0.0	51.0	1.0	39.0	1.0	30.0	89.03711964842788
6	80.0	0.0	52.0	1.0	39.0	1.0	18.0	77.6988640246146
7	47.0	1.0	47.0	1.0	36.0	1.0	25.0	41.474686717646065
8	91.0	0.0	58.0	1.0	42.0	1.0	21.0	72.11059099883317
48
587	233	220
8
1	74.0	0.0	44.0	1.0	23.0	1.0	47.0	53.67362272465185
2	97.0	0.0	41.0	0.0	20.0	1.0	51.0	30.82974827061824
3	53.0	0.0	41.0	1.0	26.0	1.0	46.0	22.13559135179854
4	71.0	0.0	32.0	1.0	22.0	1.0	55.0	22.078531177753106
5	47.0	0.0	45.0	1.0	23.0	1.0	48.0	47.20197871560641
6	82.0	0.0	44.0	1.0	27.0	1.0	45.0	42.84665595716106
7	67.0	1.0	42.0	1.0	37.0	1.0	54.0	65.90998710378945
8	72.0	0.0	56.0	1.0	31.0	1.0	38.0	48.86626782562794
49
587	233	220
8
1	74.0	1.0	56.0	1.0	46.0	1.0	25.0	145.0775070327249
2	99.0	0.0	44.0	1.0	43.0	1.0	26.0	129.57713957471725
3	44.0	1.0	33.0	1.0	23.0	1.0	35.0	16.320320328603238
4	82.0	0.0	69.0	1.0	37.0	1.0	29.0	139.17025646990535
5	69.0	0.0	32.0	1.0	30.0	1.0	26.0	58.8526440185294
6	84.0	0.0	63.0	1.0	42.0	1.0	28.0	121.84735441695224
7	77.0	0.0	37.0	1.0	29.0	1.0	33.0	63.88093507971801
8	72.0	0.0	38.0	1.0	29.0	1.0	31.0	44.36163733070469
50
587	233	220
8
1	89.0	1.0	66.0	1.0	63.0	1.0	16.0	158.59095856359497
2	71.0	0.0	45.0	1.0	25.0	1.0	11.0	66.3200599916654
3	98.0	1.0	77.0	1.0	64.0	1.0	9.0	351.080010975409
4	98.0	0.0	52.0	1.0	35.0	1.0	12.0	114.24432220621928
5	90.0	1.0	76.0	1.0	73.0	1.0	11.0	252.62739710167784
6	90.0	1.0	79.0	1.0	75.0	1.0	15.0	215.02316676002656
7	74.0	0.0	61.0	0.0	22.0	1.0	8.0	63.14422795424144
8	68.0	1.0	67.0	1.0	54.0	1.0	10.0	185.1199943482335
51
587	233	220
8
1	90.0	1.0	86.0	1.0	79.0	1.0	13.0	390.03717508679006
2	26.0	1.0	26.0	1.0	21.0	1.0	16.0	8.11339202874403
3	61.0	1.0	48.0	1.0	39.0	1.0	11.0	73.57367432332575
4	78.0	0.0	59.0	0.0	25.0	1.0	7.0	36.49633486646384
5	100.0	0.0	60.0	1.0	38.0	1.0	12.0	89.77505340373452
6	95.0	1.0	63.0	1.0	62.0	1.0	17.0	219.56013707370653
7	89.0	0.0	73.0	0.0	27.0	1.0	21.0	94.21089571433582
8	95.0	1.0	90.0	1.0	74.0	1.0	11.0	316.0789372793205
52
587	233	220
8
1	65.0	1.0	53.0	1.0	46.0	1.0	21.0	72.74030384726768
2	86.0	0.0	77.0	1.0	41.0	1.0	21.0	168.6251193942783
3	42.0	0.0	34.0	1.0	21.0	1.0	17.0	13.563267637059292
4	98.0	0.0	74.0	0.0	34.0	1.0	21.0	184.28502242748786
5	89.0	1.0	77.0	1.0	64.0	1.0	20.0	286.52713917611345
6	63.0	1.0	49.0	1.0	33.0	1.0	14.0	63.226932561780956
7	93.0	0.0	78.0	1.0	43.0	1.0	12.0	262.79682589942416
8	61.0	0.0	39.0	1.0	28.0	1.0	21.0	22.346358726714833
53
587	233	220
8
1	71.0	0.0	32.0	1.0	24.0	1.0	36.0	40.6651251851312
2	73.0	0.0	28.0	1.0	23.0	1.0	30.0	28.04750139697084
3	68.0	0.0	45.0	1.0	28.0	1.0	29.0	60.99559259649406
4	66.0	1.0	45.0	1.0	40.0	1.0	31.0	95.75051119705749
5	65.0	1.0	45.0	1.0	41.0	1.0	29.0	68.01249102848418
6	73.0	0.0	65.0	1.0	36.0	1.0	25.0	112.78920071861229
7	91.0	0.0	72.0	0.0	22.0	1.0	34.0	71.06537917302822
8	72.0	1.0	64.0	1.0	45.0	1.0	38.0	166.27541608052923
54
587	233	220
8
1	51.0	1.0	44.0	1.0	36.0	1.0	22.0	30.91049381427025
2	99.0	0.0	90.0	0.0	27.0	1.0	18.0	196.18168094073323
3	100.0	1.0	74.0	1.0	70.0	1.0	23.0	257.50631460512426
4	75.0	0.0	23.0	1.0	22.0	1.0	17.0	31.678789051806426
5	92.0	0.0	64.0	0.0	20.0	1.0	18.0	122.8548636817961
6	87.0	0.0	69.0	0.0	21.0	1.0	21.0	98.28990518512617
7	74.0	0.0	39.0	1.0	36.0	1.0	21.0	53.61303857339517
8	91.0	1.0	66.0	1.0	46.0	1.0	16.0	199.0626247572048
55
587	233	220
8
1	87.0	1.0	58.0	1.0	52.0	1.0	16.0	196.4473356273284
2	66.0	0.0	56.0	1.0	32.0	1.0	11.0	85.7087190524181
3	94.0	0.0	88.0	0.0	44.0	1.0	14.0	158.86370272597614
4	85.0	0.0	44.0	1.0	31.0	1.0	19.0	42.27810536628131
5	68.0	1.0	59.0	1.0	44.0	1.0	18.0	117.9938533095717
6	98.0	1.0	75.0	1.0	64.0	1.0	19.0	424.41280088100814
7	61.0	1.0	38.0	1.0	35.0	1.0	17.0	48.78314894833314
8	82.0	1.0	58.0	1.0	42.0	1.0	18.0	93.71109297895242
56
587	233	220
8
1	37.0	1.0	29.0	1.0	27.0	1.0	12.0	11.89288540438114
2	97.0	1.0	91.0	1.0	65.0	1.0	10.0	209.99053627705743
3	78.0	0.0	51.0	1.0	39.0	1.0	20.0	127.88899894339234
4	83.0	1.0	73.0	1.0	51.0	1.0	14.0	145.81369947172558
5	84.0	1.0	68.0	1.0	44.0	1.0	16.0	167.60276404559934
6	91.0	1.0	71.0	1.0	50.0	1.0	15.0	139.07246573319168
7	66.0	1.0	55.0	1.0	40.0	1.0	14.0	132.279381912427
8	91.0	0.0	80.0	0.0	37.0	1.0	20.0	244.5103475110729
57
587	233	220
8
1	77.0	0.0	55.0	1.0	37.0	1.0	25.0	96.67424960128653
2	88.0	0.0	87.0	0.0	31.0	1.0	23.0	172.15639902249578
3	77.0	1.0	66.0	1.0	44.0	1.0	12.0	159.18526485857208
4	94.0	1.0	87.0	1.0	73.0	1.0	18.0	325.8042039129178
5	77.0	1.0	62.0	1.0	44.0	1.0	18.0	165.48596796574134
6	91.0	0.0	38.0	1.0	31.0	1.0	19.0	36.33675597115308
7	39.0	1.0	33.0	1.0	22.0	1.0	17.0	17.73162506526303
8	96.0	0.0	24.0	1.0	22.0	1.0	18.0	32.49656581012611
58
587	233	220
8
1	99.0	1.0	73.0	1.0	54.0	1.0	25.0	148.18765700506768
2	93.0	0.0	90.0	0.0	40.0	1.0	15.0	239.08066315825081
3	68.0	0.0	39.0	1.0	23.0	1.0	15.0	33.03021273420864
4	84.0	0.0	73.0	0.0	28.0	1.0	17.0	128.91022079206365
5	78.0	0.0	47.0	1.0	29.0	1.0	17.0	50.27751009872374
6	58.0	1.0	35.0	1.0	31.0	1.0	17.0	34.28383349087992
7	68.0	1.0	51.0	1.0	37.0	1.0	16.0	50.839394646757725
8	92.0	0.0	89.0	1.0	45.0	1.0	17.0	310.2177296880445
59
587	233	220
8
1	88.0	0.0	52.0	1.0	44.0	1.0	20.0	150.9105873915558
2	54.0	1.0	54.0	1.0	42.0	1.0	19.0	70.57496290011117
3	65.0	1.0	58.0	1.0	38.0	1.0	22.0	44.55682112675578
4	99.0	0.0	45.0	1.0	44.0	1.0	26.0	101.05602588993739
5	74.0	0.0	72.0	0.0	23.0	1.0	23.0	49.21370010526591
6	96.0	0.0	84.0	0.0	25.0	1.0	16.0	105.64585401160883
7	86.0	0.0	53.0	1.0	31.0	1.0	22.0	95.53047489056438
8	82.0	1.0	79.0	1.0	57.0	1.0	17.0	155.9666235181402
60
587	233	220
8
1	88.0	1.0	83.0	1.0	51.0	1.0	16.0	202.0541949314565
2	87.0	0.0	35.0	1.0	23.0	1.0	21.0	65.67203629905747
3	70.0	1.0	60.0	1.0	39.0	1.0	22.0	71.38468458484196
4	70.0	0.0	36.0	1.0	26.0	1.0	18.0	28.957710724265798
5	72.0	1.0	56.0	1.0	44.0	1.0	16.0	82.17486299462385
6	76.0	1.0	75.0	1.0	51.0	1.0	21.0	224.64715483281944
7	89.0	0.0	71.0	0.0	24.0	1.0	19.0	53.955408845946046
8	95.0	0.0	72.0	1.0	41.0	1.0	21.0	182.86972268303646
61
587	233	220
8
1	83.0	0.0	70.0	0.0	34.0	1.0	18.0	67.23954583243385
2	93.0	0.0	64.0	1.0	42.0	1.0	26.0	190.6889239942136
3	82.0	1.0	68.0	1.0	43.0	1.0	13.0	169.8334185648612
4	67.0	0.0	44.0	1.0	23.0	1.0	22.0	44.31611904904165
5	98.0	0.0	54.0	1.0	49.0	1.0	11.0	121.58707302441918
6	63.0	1.0	42.0	1.0	35.0	1.0	19.0	49.82393451002742
7	98.0	0.0	55.0	1.0	48.0	1.0	21.0	167.68400502254482
8	99.0	0.0	99.0	0.0	32.0	1.0	17.0	139.93365464148556
62
587	233	220
8
1	93.0	0.0	21.0	1.0	20.0	1.0	28.0	18.369557633345487
2	80.0	0.0	52.0	1.0	40.0	1.0	26.0	103.69396431304102
3	77.0	1.0	56.0	1.0	40.0	1.0	31.0	72.12014151902386
4	99.0	0.0	73.0	0.0	33.0	1.0	21.0	112.91893929203871
5	92.0	0.0	41.0	1.0	32.0	1.0	29.0	44.94717777400846
6	86.0	0.0	75.0	0.0	36.0	1.0	28.0	157.14302114795083
7	81.0	0.0	30.0	1.0	24.0	1.0	27.0	52.75688751810191
8	89.0	0.0	37.0	1.0	26.0	1.0	30.0	30.640573231582415
63
587	233	220
8
1	53.0	1.0	47.0	1.0	31.0	1.0	28.0	50.42429414075884
2	87.0	0.0	61.0	0.0	21.0	1.0	29.0	56.41117583757469
3	97.0	0.0	67.0	0.0	20.0	1.0	30.0	70.66134217023384
4	82.0	0.0	44.0	1.0	38.0	1.0	24.0	52.58351059370317
5	40.0	1.0	34.0	1.0	31.0	1.0	23.0	30.534116880192805
6	75.0	1.0	65.0	1.0	46.0	1.0	29.0	162.17208600772247
7	74.0	1.0	68.0	1.0	49.0	1.0	22.0	132.76743202516082
8	85.0	1.0	66.0	1.0	43.0	1.0	19.0	103.4928125683235
64
587	233	220
8
1	70.0	1.0	47.0	1.0	44.0	1.0	29.0	106.02244423674833
2	98.0	1.0	87.0	1.0	50.0	1.0	20.0	246.8337940829216
3	82.0	0.0	37.0	1.0	36.0	1.0	27.0	85.00679072246787
4	43.0	1.0	33.0	1.0	28.0	1.0	27.0	16.514318078305674
5	89.0	0.0	51.0	1.0	37.0	1.0	30.0	75.6874149901743
6	63.0	0.0	35.0	1.0	29.0	1.0	29.0	42.142769444884564
7	48.0	1.0	45.0	1.0	44.0	1.0	27.0	66.60496349719216
8	67.0	1.0	50.0	1.0	40.0	1.0	27.0	87.90115790856565
65
587	233	220
8
1	82.0	0.0	25.0	1.0	22.0	1.0	21.0	21.672066893343615
2	81.0	1.0	68.0	1.0	56.0	1.0	20.0	166.52102594987207
3	94.0	0.0	43.0	1.0	36.0	1.0	18.0	102.7517080746771
4	79.0	0.0	48.0	1.0	26.0	1.0	18.0	55.64595528445053
5	77.0	1.0	65.0	1.0	51.0	1.0	23.0	157.3697114047702
6	70.0	1.0	45.0	1.0	36.0	1.0	20.0	40.62300764297504
7	84.0	0.0	69.0	0.0	26.0	1.0	17.0	101.69733276478351
8	83.0	1.0	80.0	1.0	58.0	1.0	20.0	156.8967852344918
66
587	233	220
8
1	81.0	0.0	52.0	0.0	20.0	1.0	14.0	54.00252704531098
2	95.0	0.0	67.0	1.0	40.0	1.0	17.0	135.85916934347824
3	98.0	0.0	73.0	1.0	49.0	1.0	16.0	204.77313078393394
4	90.0	1.0	77.0	1.0	47.0	1.0	16.0	118.77872161298265
5	96.0	0.0	71.0	0.0	33.0	1.0	16.0	80.49000921043366
6	100.0	0.0	98.0	0.0	35.0	1.0	13.0	198.68659923118855
7	53.0	0.0	51.0	0.0	20.0	1.0	12.0	17.250922017024305
8	63.0	1.0	59.0	1.0	58.0	1.0	23.0	146.43756684388993
67
587	233	220
8
1	65.0	0.0	37.0	1.0	21.0	1.0	10.0	23.77313768775517
2	99.0	1.0	97.0	1.0	76.0	1.0	16.0	331.27129172524474
3	62.0	1.0	52.0	1.0	40.0	1.0	8.0	111.34983846458474
4	93.0	0.0	76.0	1.0	41.0	1.0	8.0	237.9111629805397
5	80.0	0.0	69.0	0.0	24.0	1.0	8.0	75.81650713727821
6	65.0	1.0	62.0	1.0	59.0	1.0	8.0	84.66141059701278
7	94.0	1.0	92.0	1.0	85.0	1.0	9.0	229.7072781107756
8	100.0	0.0	84.0	1.0	48.0	1.0	12.0	288.0858891440948
68
587	233	220
8
1	85.0	1.0	65.0	1.0	64.0	1.0	14.0	135.31948275863232
2	93.0	1.0	82.0	1.0	75.0	1.0	14.0	221.01111258982084
3	82.0	1.0	76.0	1.0	65.0	1.0	12.0	259.9749580278566
4	82.0	0.0	81.0	0.0	21.0	1.0	9.0	47.524436656701255
5	81.0	0.0	49.0	1.0	29.0	1.0	13.0	47.634631367637915
6	71.0	0.0	63.0	0.0	24.0	1.0	19.0	56.878629544363264
7	94.0	1.0	77.0	1.0	51.0	1.0	14.0	140.0278170536516
8	66.0	0.0	57.0	1.0	31.0	1.0	15.0	90.98028233536245
69
587	233	220
8
1	84.0	0.0	78.0	0.0	20.0	1.0	18.0	66.85626691620614
2	88.0	0.0	48.0	1.0	40.0	1.0	16.0	139.47463778676692
3	64.0	1.0	56.0	1.0	54.0	1.0	16.0	175.5147485841135
4	82.0	0.0	35.0	1.0	26.0	1.0	16.0	37.09377014695773
5	85.0	1.0	63.0	1.0	61.0	1.0	20.0	148.801605744669
6	90.0	0.0	59.0	1.0	30.0	1.0	15.0	105.82566913881088
7	71.0	0.0	68.0	0.0	24.0	1.0	23.0	53.24349278907355
8	93.0	1.0	76.0	1.0	60.0	1.0	21.0	340.92786703666513
70
587	233	220
8
1	64.0	0.0	28.0	1.0	21.0	1.0	13.0	14.399330943464514
2	89.0	1.0	58.0	1.0	55.0	1.0	15.0	176.5244037916393
3	90.0	1.0	87.0	1.0	81.0	1.0	20.0	379.8405864925171
4	44.0	0.0	44.0	0.0	22.0	1.0	18.0	21.37456057174105
5	80.0	0.0	36.0	1.0	21.0	1.0	13.0	20.682053079817923
6	100.0	1.0	80.0	1.0	71.0	1.0	16.0	251.18842355191515
7	88.0	0.0	40.0	0.0	20.0	1.0	16.0	30.69431265794078
8	47.0	1.0	39.0	1.0	27.0	1.0	15.0	30.51238449668667
71
587	233	220
8
1	94.0	1.0	56.0	1.0	53.0	1.0	29.0	139.82519853184985
2	58.0	1.0	51.0	1.0	49.0	1.0	18.0	69.38169969963752
3	78.0	1.0	69.0	1.0	47.0	1.0	21.0	90.96442503301944
4	39.0	1.0	31.0	1.0	23.0	1.0	36.0	10.0755232246389
5	82.0	0.0	38.0	1.0	23.0	1.0	28.0	26.774775735794996
6	99.0	0.0	85.0	0.0	25.0	1.0	21.0	121.01924619963577
7	63.0	0.0	41.0	1.0	21.0	1.0	21.0	20.447963343301776
8	89.0	0.0	60.0	1.0	41.0	1.0	25.0	122.0907397083656
72
587	233	220
8
1	83.0	0.0	68.0	0.0	32.0	1.0	28.0	130.32825915229867
2	100.0	1.0	83.0	1.0	68.0	1.0	18.0	386.8175920623476
3	78.0	1.0	77.0	1.0	49.0	1.0	20.0	237.48406766807153
4	53.0	0.0	48.0	0.0	21.0	1.0	26.0	37.99589415288237
5	65.0	0.0	35.0	1.0	20.0	1.0	27.0	41.484216825588625
6	73.0	0.0	41.0	1.0	22.0	1.0	19.0	22.541191792402284
7	50.0	1.0	46.0	1.0	29.0	1.0	22.0	40.01305657995141
8	74.0	1.0	67.0	1.0	46.0	1.0	16.0	102.40769810251284
73
587	233	220
8
1	96.0	0.0	91.0	0.0	38.0	1.0	11.0	216.95111042420248
2	78.0	1.0	75.0	1.0	68.0	1.0	21.0	277.55003510435546
3	97.0	0.0	90.0	0.0	26.0	1.0	13.0	145.70887254071357
4	72.0	0.0	61.0	0.0	20.0	1.0	17.0	59.30250535768392
5	74.0	1.0	57.0	1.0	38.0	1.0	13.0	87.58965343151928
6	96.0	1.0	80.0	1.0	56.0	1.0	20.0	175.6607105802017
7	80.0	0.0	66.0	0.0	32.0	1.0	12.0	79.49653713862453
8	56.0	1.0	34.0	1.0	30.0	1.0	14.0	25.835003338667537
74
587	233	220
8
1	59.0	0.0	42.0	1.0	22.0	1.0	31.0	41.37127975387958
2	77.0	0.0	64.0	0.0	30.0	1.0	26.0	73.02435098417237
3	73.0	0.0	57.0	0.0	27.0	1.0	23.0	67.19891827601448
4	91.0	0.0	74.0	0.0	20.0	1.0	21.0	62.7222605814693
5	77.0	1.0	66.0	1.0	39.0	1.0	22.0	65.47514356917756
6	83.0	1.0	76.0	1.0	61.0	1.0	21.0	335.0403922173086
7	97.0	0.0	65.0	1.0	42.0	1.0	18.0	234.52904467186218
8	53.0	1.0	38.0	1.0	36.0	1.0	26.0	28.46376998213175
75
587	233	220
8
1	90.0	0.0	89.0	0.0	39.0	1.0	23.0	195.00580117565954
2	83.0	0.0	62.0	0.0	24.0	1.0	26.0	97.63840382398733
3	46.0	1.0	41.0	1.0	40.0	1.0	19.0	47.32887051123711
4	54.0	1.0	53.0	1.0	47.0	1.0	21.0	85.88381344228338
5	52.0	1.0	31.0	1.0	27.0	1.0	29.0	25.64046404049008
6	80.0	1.0	55.0	1.0	49.0	1.0	29.0	169.42007719983948
7	46.0	0.0	25.0	1.0	22.0	1.0	27.0	16.41372889891322
8	95.0	0.0	66.0	1.0	46.0	1.0	25.0	116.28451344058264
76
587	233	220
8
1	73.0	1.0	57.0	1.0	41.0	1.0	19.0	78.94239023164148
2	89.0	0.0	86.0	0.0	26.0	1.0	14.0	130.85032231587675
3	74.0	1.0	51.0	1.0	48.0	1.0	15.0	91.36844890160269
4	69.0	1.0	46.0	1.0	41.0	1.0	14.0	92.9774678101346
5	81.0	0.0	62.0	0.0	27.0	1.0	12.0	53.19810255637838
6	86.0	1.0	84.0	1.0	50.0	1.0	14.0	208.58720688631502
7	72.0	1.0	56.0	1.0	42.0	1.0	23.0	77.37633155552057
8	96.0	1.0	65.0	1.0	51.0	1.0	28.0	212.11786145774326
77
587	233	220
8
1	88.0	0.0	43.0	1.0	24.0	1.0	15.0	66.875863547826
2	85.0	0.0	72.0	0.0	33.0	1.0	25.0	80.46418447525457
3	93.0	0.0	90.0	0.0	39.0	1.0	14.0	130.1265472580387
4	79.0	1.0	68.0	1.0	51.0	1.0	19.0	192.4864737960538
5	95.0	1.0	94.0	1.0	85.0	1.0	9.0	349.1169046964731
6	82.0	0.0	34.0	1.0	27.0	1.0	12.0	40.236388560866985
7	87.0	0.0	42.0	1.0	37.0	1.0	13.0	82.76969737689606
8	67.0	1.0	65.0	1.0	63.0	1.0	16.0	109.22668317071555
78
587	233	220
8
1	39.0	1.0	32.0	1.0	31.0	1.0	34.0	16.969593116107706
2	91.0	0.0	85.0	0.0	35.0	1.0	21.0	205.67764425870067
3	80.0	0.0	38.0	1.0	28.0	1.0	27.0	27.36177106613825
4	85.0	0.0	72.0	0.0	28.0	1.0	27.0	84.16738854246633
5	59.0	0.0	40.0	1.0	29.0	1.0	34.0	52.09158339491172
6	53.0	1.0	51.0	1.0	31.0	1.0	33.0	38.715487318752075
7	85.0	0.0	54.0	0.0	27.0	1.0	28.0	41.295395107121074
8	79.0	1.0	78.0	1.0	55.0	1.0	22.0	178.47155265449265
79
587	233	220
8
1	85.0	0.0	57.0	0.0	26.0	1.0	23.0	74.98498135394271
2	89.0	0.0	30.0	1.0	28.0	1.0	18.0	43.88822968816098
3	85.0	1.0	77.0	1.0	54.0	1.0	35.0	139.44916178169834
4	68.0	0.0	28.0	1.0	21.0	1.0	31.0	21.342745624874258
5	55.0	0.0	52.0	0.0	24.0	1.0	28.0	29.729696444934785
6	85.0	1.0	62.0	1.0	48.0	1.0	29.0	111.73643400211714
7	82.0	0.0	38.0	1.0	37.0	1.0	20.0	44.64826008955924
8	49.0	0.0	21.0	1.0	20.0	1.0	29.0	7.105089458523175
80
587	233	220
8
1	57.0	0.0	32.0	1.0	27.0	1.0	14.0	26.39152968740223
2	95.0	0.0	53.0	1.0	40.0	1.0	24.0	76.95575792292156
3	96.0	1.0	70.0	1.0	51.0	1.0	16.0	119.36913541248819
4	87.0	1.0	59.0	1.0	58.0	1.0	13.0	309.25327216424864
5	90.0	1.0	68.0	1.0	68.0	1.0	18.0	165.22654331182716
6	93.0	0.0	51.0	1.0	46.0	1.0	18.0	93.80866159109273
7	79.0	0.0	49.0	1.0	27.0	1.0	14.0	66.73101292230793
8	75.0	0.0	57.0	1.0	35.0	1.0	14.0	133.9441243504996
81
587	233	220
8
1	58.0	0.0	35.0	1.0	21.0	1.0	17.0	17.245204270483914
2	89.0	0.0	83.0	0.0	20.0	1.0	35.0	84.50857067200127
3	50.0	0.0	48.0	0.0	22.0	1.0	25.0	25.010659448188054
4	98.0	0.0	55.0	0.0	21.0	1.0	29.0	67.24569111050592
5	66.0	1.0	57.0	1.0	42.0	1.0	20.0	92.48106409418132
6	91.0	0.0	89.0	0.0	25.0	1.0	22.0	192.1244027937196
7	95.0	0.0	92.0	0.0	27.0	1.0	24.0	140.28998698571164
8	93.0	0.0	67.0	1.0	36.0	1.0	28.0	154.79186635628838
82
587	233	220
8
1	99.0	0.0	74.0	1.0	49.0	1.0	11.0	276.3928155242113
2	98.0	0.0	84.0	0.0	36.0	1.0	12.0	169.52389917591807
3	78.0	0.0	75.0	0.0	27.0	1.0	15.0	89.92822037283638
4	99.0	1.0	93.0	1.0	84.0	1.0	14.0	460.3768352314931
5	94.0	1.0	76.0	1.0	50.0	1.0	13.0	201.8831976279654
6	87.0	0.0	76.0	0.0	20.0	1.0	14.0	111.6589335260928
7	96.0	0.0	52.0	1.0	47.0	1.0	10.0	177.55730096686975
8	95.0	0.0	24.0	1.0	20.0	1.0	9.0	37.54332551864152
83
587	233	220
8
1	42.0	1.0	39.0	1.0	32.0	1.0	10.0	27.12026126363691
2	64.0	0.0	45.0	1.0	26.0	1.0	15.0	35.123597796630584
3	81.0	0.0	33.0	1.0	23.0	1.0	8.0	54.05159245748493
4	58.0	0.0	48.0	1.0	25.0	1.0	10.0	35.40588036114204
5	95.0	1.0	95.0	1.0	85.0	1.0	22.0	498.5823970848252
6	91.0	1.0	74.0	1.0	69.0	1.0	11.0	246.12961111656702
7	97.0	0.0	70.0	0.0	20.0	1.0	16.0	67.26178806039856
8	93.0	1.0	75.0	1.0	71.0	1.0	6.0	163.34190026672778
84
587	233	220
8
1	63.0	1.0	49.0	1.0	48.0	1.0	22.0	85.60804160441948
2	44.0	1.0	39.0	1.0	27.0	1.0	21.0	22.496254511886075
3	86.0	0.0	39.0	1.0	22.0	1.0	19.0	27.12189780631093
4	99.0	0.0	75.0	1.0	40.0	1.0	26.0	261.9385392506842
5	80.0	0.0	51.0	1.0	35.0	1.0	21.0	99.97758869927114
6	64.0	1.0	55.0	1.0	33.0	1.0	19.0	82.60865166774144
7	79.0	1.0	65.0	1.0	41.0	1.0	25.0	73.58448868624635
8	92.0	1.0	68.0	1.0	58.0	1.0	17.0	155.58236253970577
85
587	233	220
8
1	98.0	0.0	47.0	1.0	27.0	1.0	22.0	96.37902407853633
2	89.0	0.0	88.0	0.0	31.0	1.0	20.0	168.21479849099967
3	91.0	0.0	43.0	1.0	41.0	1.0	23.0	68.280420804608
4	100.0	0.0	84.0	0.0	27.0	1.0	21.0	120.69246775747122
5	70.0	1.0	50.0	1.0	48.0	1.0	19.0	52.85405052407842
6	83.0	0.0	49.0	1.0	26.0	1.0	20.0	42.20954171410779
7	60.0	1.0	49.0	1.0	31.0	1.0	18.0	53.90366463991782
8	74.0	1.0	69.0	1.0	53.0	1.0	26.0	162.5692371718568
86
587	233	220
8
1	89.0	1.0	87.0	1.0	78.0	1.0	8.0	245.10248586758547
2	68.0	0.0	41.0	1.0	33.0	1.0	10.0	33.96865169962566
3	98.0	1.0	86.0	1.0	54.0	1.0	7.0	267.5185079976236
4	98.0	0.0	86.0	1.0	45.0	1.0	9.0	282.8321852463607
5	85.0	0.0	81.0	0.0	26.0	1.0	17.0	129.995829466281
6	91.0	1.0	80.0	1.0	77.0	1.0	11.0	262.5695881493419
7	98.0	1.0	82.0	1.0	64.0	1.0	12.0	263.96781763831984
8	76.0	0.0	65.0	1.0	36.0	1.0	12.0	111.91203092464683
87
587	233	220
8
1	96.0	1.0	86.0	1.0	62.0	1.0	15.0	264.3684110103071
2	88.0	0.0	63.0	1.0	41.0	1.0	21.0	94.53208391925824
3	63.0	0.0	60.0	1.0	31.0	1.0	20.0	82.95443833804656
4	73.0	0.0	46.0	0.0	21.0	1.0	19.0	56.684885239036404
5	76.0	0.0	72.0	0.0	25.0	1.0	20.0	71.46777895024923
6	68.0	1.0	60.0	1.0	35.0	1.0	24.0	61.12055058691283
7	79.0	1.0	73.0	1.0	63.0	1.0	18.0	195.72073805894428
8	64.0	0.0	34.0	1.0	23.0	1.0	25.0	27.896399875921748
88
587	233	220
8
1	28.0	1.0	24.0	1.0	20.0	1.0	21.0	7.227293660375923
2	33.0	1.0	26.0	1.0	23.0	1.0	26.0	10.858487344271262
3	71.0	1.0	54.0	1.0	50.0	1.0	16.0	93.81587770128685
4	85.0	1.0	84.0	1.0	54.0	1.0	13.0	206.5224598539826
5	76.0	1.0	75.0	1.0	66.0	1.0	14.0	168.1345823899658
6	81.0	1.0	79.0	1.0	48.0	1.0	17.0	147.8706429193491
7	77.0	0.0	30.0	1.0	22.0	1.0	23.0	37.87782937229266
8	94.0	1.0	90.0	1.0	69.0	1.0	16.0	376.7995627141649
89
587	233	220
8
1	75.0	1.0	56.0	1.0	38.0	1.0	28.0	111.12379785916961
2	100.0	0.0	61.0	1.0	31.0	1.0	33.0	87.75504306796492
3	59.0	0.0	36.0	1.0	20.0	1.0	31.0	30.52780548702614
4	100.0	0.0	67.0	0.0	20.0	1.0	31.0	63.72207901150991
5	92.0	0.0	36.0	1.0	34.0	1.0	36.0	52.158630518447225
6	88.0	0.0	63.0	0.0	23.0	1.0	28.0	73.76550639714654
7	96.0	0.0	67.0	0.0	33.0	1.0	26.0	158.81737309551937
8	44.0	0.0	24.0	1.0	21.0	1.0	33.0	17.86039365476947
90
587	233	220
8
1	82.0	1.0	74.0	1.0	53.0	1.0	14.0	192.86238826103065
2	76.0	0.0	34.0	1.0	22.0	1.0	17.0	45.006842025346344
3	48.0	1.0	34.0	1.0	31.0	1.0	13.0	23.208185389906674
4	84.0	1.0	63.0	1.0	55.0	1.0	17.0	178.02435973934996
5	99.0	0.0	44.0	1.0	30.0	1.0	15.0	92.36639604228314
6	77.0	0.0	76.0	0.0	34.0	1.0	12.0	101.25572935489645
7	77.0	1.0	55.0	1.0	45.0	1.0	15.0	87.12183996354132
8	86.0	1.0	75.0	1.0	66.0	1.0	27.0	240.39071687878422
91
587	233	220
8
1	75.0	1.0	57.0	1.0	40.0	1.0	27.0	103.78673858107668
2	50.0	0.0	35.0	1.0	21.0	1.0	18.0	26.25674372324171
3	99.0	0.0	53.0	1.0	45.0	1.0	26.0	113.3470156145605
4	97.0	1.0	78.0	1.0	59.0	1.0	16.0	294.6051932910563
5	95.0	0.0	42.0	0.0	21.0	1.0	25.0	41.78327790695264
6	98.0	0.0	94.0	0.0	26.0	1.0	21.0	206.33192501474872
7	75.0	0.0	32.0	1.0	26.0	1.0	26.0	36.88644967839576
8	53.0	1.0	47.0	1.0	44.0	1.0	24.0	65.04798527073166
92
587	233	220
8
1	87.0	0.0	70.0	0.0	30.0	1.0	12.0	145.4675554533821
2	100.0	0.0	49.0	1.0	38.0	1.0	16.0	64.49571369854165
3	83.0	0.0	67.0	0.0	32.0	1.0	17.0	106.8148876253083
4	71.0	0.0	59.0	1.0	35.0	1.0	15.0	120.20998407607867
5	82.0	1.0	80.0	1.0	54.0	1.0	15.0	242.05859120506932
6	52.0	0.0	48.0	0.0	23.0	1.0	20.0	22.29706386829926
7	84.0	1.0	78.0	1.0	57.0	1.0	26.0	153.11064554725996
8	89.0	0.0	71.0	0.0	32.0	1.0	17.0	78.364217281843
93
587	233	220
8
1	87.0	0.0	43.0	1.0	28.0	1.0	16.0	56.32924890011373
2	78.0	0.0	58.0	0.0	29.0	1.0	15.0	71.29140972767954
3	97.0	0.0	83.0	1.0	48.0	1.0	17.0	149.77371034120173
4	83.0	0.0	63.0	0.0	28.0	1.0	11.0	117.32697337786716
5	73.0	0.0	39.0	1.0	32.0	1.0	17.0	49.93492746601281
6	85.0	1.0	57.0	1.0	53.0	1.0	11.0	115.7222490779559
7	76.0	0.0	34.0	1.0	28.0	1.0	11.0	39.486562788693675
8	98.0	1.0	97.0	1.0	86.0	1.0	16.0	438.2691283573349
94
587	233	220
8
1	88.0	0.0	80.0	0.0	38.0	1.0	23.0	125.56774200822139
2	85.0	0.0	82.0	0.0	34.0	1.0	12.0	140.45149201045425
3	100.0	0.0	97.0	0.0	44.0	1.0	18.0	361.4223183573776
4	87.0	0.0	42.0	1.0	26.0	1.0	18.0	51.84869359799846
5	42.0	1.0	41.0	1.0	26.0	1.0	25.0	22.235937366856
6	93.0	0.0	48.0	1.0	31.0	1.0	23.0	73.19016032860218
7	68.0	1.0	54.0	1.0	42.0	1.0	26.0	76.6607394680276
8	89.0	0.0	76.0	0.0	26.0	1.0	19.0	81.82142232608274
95
587	233	220
8
1	89.0	1.0	88.0	1.0	69.0	1.0	12.0	365.9253879572514
2	99.0	1.0	68.0	1.0	52.0	1.0	9.0	222.48326910838998
3	93.0	1.0	92.0	1.0	74.0	1.0	15.0	352.4627936617316
4	75.0	0.0	26.0	1.0	26.0	1.0	13.0	25.722026495537058
5	79.0	0.0	43.0	1.0	34.0	1.0	12.0	59.83490943313465
6	92.0	0.0	53.0	1.0	42.0	1.0	9.0	111.13778694322116
7	96.0	1.0	79.0	1.0	71.0	1.0	10.0	347.2685822544493
8	88.0	1.0	64.0	1.0	49.0	1.0	6.0	124.62178582265707
96
587	233	220
8
1	98.0	0.0	96.0	0.0	43.0	1.0	17.0	284.0602228224508
2	51.0	1.0	40.0	1.0	39.0	1.0	20.0	51.00342218154978
3	95.0	0.0	84.0	0.0	23.0	1.0	16.0	110.98850638996866
4	38.0	1.0	27.0	1.0	27.0	1.0	14.0	16.46882449502643
5	95.0	1.0	70.0	1.0	57.0	1.0	21.0	176.18069749126641
6	81.0	1.0	79.0	1.0	52.0	1.0	19.0	211.30645248327622
7	83.0	0.0	67.0	0.0	33.0	1.0	10.0	138.87270515362042
8	82.0	0.0	65.0	0.0	31.0	1.0	13.0	115.7584387242198
97
587	233	220
8
1	80.0	0.0	57.0	1.0	35.0	1.0	19.0	75.08812737893207
2	84.0	1.0	46.0	1.0	44.0	1.0	23.0	83.85682063333662
3	63.0	1.0	56.0	1.0	51.0	1.0	25.0	77.45878106569978
4	99.0	1.0	83.0	1.0	53.0	1.0	18.0	303.5074478235995
5	92.0	0.0	50.0	1.0	36.0	1.0	19.0	62.62929997308152
6	82.0	0.0	30.0	1.0	22.0	1.0	21.0	27.4432276306291
7	54.0	1.0	39.0	1.0	38.0	1.0	17.0	59.55679350000076
8	78.0	1.0	57.0	1.0	45.0	1.0	25.0	76.98946486798837
98
587	233	220
8
1	37.0	1.0	37.0	1.0	27.0	1.0	33.0	12.845364774346722
2	50.0	0.0	34.0	1.0	24.0	1.0	29.0	20.124481440762537
3	96.0	0.0	68.0	0.0	28.0	1.0	30.0	72.92283570736832
4	94.0	0.0	93.0	0.0	37.0	1.0	32.0	117.94241722930155
5	77.0	0.0	62.0	0.0	21.0	1.0	31.0	36.85546504801818
6	63.0	0.0	32.0	1.0	24.0	1.0	31.0	20.721098105215045
7	89.0	1.0	54.0	1.0	46.0	1.0	29.0	131.83350005567667
8	34.0	1.0	32.0	1.0	21.0	1.0	34.0	7.58174112514464
99
587	233	220
8
1	79.0	1.0	60.0	1.0	56.0	1.0	23.0	119.75440053382951
2	88.0	0.0	38.0	1.0	27.0	1.0	9.0	35.872372696377184
3	90.0	1.0	87.0	1.0	61.0	1.0	15.0	271.34909455914203
4	82.0	0.0	76.0	0.0	35.0	1.0	16.0	141.69579749511215
5	95.0	0.0	78.0	0.0	22.0	1.0	12.0	80.77391595965639
6	78.0	0.0	65.0	1.0	34.0	1.0	23.0	97.72077532176515
7	72.0	1.0	61.0	1.0	53.0	1.0	15.0	121.99084763743933
8	94.0	0.0	53.0	1.0	38.0	1.0	16.0	119.61641293035002
100
587	233	220
8
1	97.0	1.0	85.0	1.0	75.0	1.0	12.0	219.76390208409563
2	94.0	1.0	69.0	1.0	51.0	1.0	7.0	135.52836006117798
3	94.0	1.0	78.0	1.0	57.0	1.0	15.0	249.63472314998467
4	82.0	1.0	62.0	1.0	51.0	1.0	24.0	115.3898794979414
5	92.0	0.0	65.0	0.0	21.0	1.0	6.0	60.85886291892031
6	95.0	0.0	88.0	0.0	39.0	1.0	13.0	183.39120693130795
7	83.0	0.0	42.0	1.0	34.0	1.0	16.0	43.681702487845605
8	56.0	1.0	37.0	1.0	29.0	1.0	16.0	25.07844537423219
