1
587	233	220
10
1	70.0	0.0	64.0	0.0	28.0	1.0	8.0	100.12567797915395
2	88.0	1.0	73.0	1.0	71.0	1.0	16.0	183.31011986302633
3	72.0	1.0	69.0	1.0	40.0	1.0	12.0	121.54544634004561
4	99.0	1.0	98.0	1.0	79.0	1.0	11.0	465.518977016452
5	89.0	1.0	85.0	1.0	46.0	1.0	9.0	183.80249173181082
6	47.0	1.0	44.0	1.0	31.0	1.0	9.0	27.329629535393224
7	72.0	0.0	38.0	1.0	31.0	1.0	9.0	39.01016455516367
8	85.0	1.0	68.0	1.0	46.0	1.0	8.0	130.6532837965001
9	66.0	0.0	54.0	1.0	29.0	1.0	13.0	48.55574798536054
10	92.0	0.0	81.0	0.0	31.0	1.0	13.0	141.36947334603602
2
587	233	220
10
1	96.0	1.0	87.0	1.0	67.0	1.0	12.0	409.62942817222904
2	98.0	1.0	79.0	1.0	75.0	1.0	8.0	251.2316202791739
3	58.0	1.0	55.0	1.0	37.0	1.0	13.0	40.60100173631194
4	95.0	1.0	93.0	1.0	69.0	1.0	9.0	361.61596581870367
5	82.0	0.0	49.0	1.0	28.0	1.0	9.0	50.30967985660141
6	58.0	0.0	53.0	0.0	21.0	1.0	6.0	51.52874608729033
7	100.0	1.0	90.0	1.0	63.0	1.0	13.0	203.90123904050162
8	60.0	1.0	55.0	1.0	53.0	1.0	8.0	75.20599756718192
9	46.0	0.0	35.0	1.0	20.0	1.0	19.0	14.571830885440978
10	88.0	0.0	42.0	1.0	22.0	1.0	11.0	65.15659846866198
3
587	233	220
10
1	94.0	0.0	61.0	0.0	26.0	1.0	9.0	91.87246415363902
2	72.0	0.0	36.0	1.0	35.0	1.0	10.0	68.94873860196404
3	98.0	1.0	73.0	1.0	56.0	1.0	12.0	206.44004886557508
4	73.0	1.0	72.0	1.0	57.0	1.0	12.0	224.06676718050932
5	84.0	1.0	71.0	1.0	65.0	1.0	13.0	173.7064948185039
6	79.0	0.0	52.0	1.0	35.0	1.0	10.0	74.19341947754774
7	94.0	1.0	92.0	1.0	79.0	1.0	11.0	339.3103104045732
8	99.0	0.0	82.0	0.0	36.0	1.0	14.0	143.29233637839727
9	79.0	0.0	22.0	1.0	22.0	1.0	8.0	19.888768741832145
10	85.0	0.0	62.0	0.0	20.0	1.0	9.0	73.02256935242862
4
587	233	220
10
1	80.0	0.0	35.0	1.0	20.0	1.0	10.0	39.95250757547199
2	86.0	1.0	81.0	1.0	61.0	1.0	7.0	233.83132332981432
3	95.0	1.0	79.0	1.0	75.0	1.0	8.0	338.31352054828176
4	93.0	0.0	61.0	0.0	28.0	1.0	8.0	69.10337286934306
5	99.0	1.0	90.0	1.0	63.0	1.0	13.0	337.0901466784821
6	73.0	1.0	73.0	1.0	63.0	1.0	6.0	150.83872467168857
7	94.0	1.0	91.0	1.0	80.0	1.0	7.0	432.389205208298
8	90.0	1.0	77.0	1.0	48.0	1.0	9.0	145.51166291860315
9	94.0	0.0	76.0	0.0	37.0	1.0	7.0	97.51808120985137
10	69.0	1.0	57.0	1.0	54.0	1.0	7.0	108.03290373215032
5
587	233	220
10
1	51.0	1.0	46.0	1.0	39.0	1.0	24.0	60.21230878882805
2	84.0	1.0	78.0	1.0	58.0	1.0	13.0	196.5226978025455
3	59.0	1.0	50.0	1.0	47.0	1.0	13.0	61.4790856309926
4	55.0	0.0	47.0	1.0	24.0	1.0	24.0	32.48290798876693
5	81.0	0.0	80.0	0.0	26.0	1.0	22.0	93.14668452371087
6	98.0	1.0	53.0	1.0	50.0	1.0	21.0	114.71359764379407
7	87.0	0.0	67.0	0.0	28.0	1.0	24.0	104.87244367573017
8	87.0	0.0	55.0	0.0	23.0	1.0	20.0	49.727160889576936
9	65.0	1.0	55.0	1.0	49.0	1.0	18.0	136.88813797517565
10	95.0	0.0	27.0	1.0	22.0	1.0	21.0	22.359007739391366
6
587	233	220
10
1	73.0	1.0	59.0	1.0	58.0	1.0	19.0	144.75854848087744
2	76.0	1.0	54.0	1.0	54.0	1.0	12.0	204.8451079314483
3	79.0	0.0	69.0	0.0	29.0	1.0	10.0	56.95947510944719
4	91.0	0.0	68.0	0.0	30.0	1.0	12.0	68.06510717486428
5	77.0	1.0	76.0	1.0	46.0	1.0	12.0	139.8910770730673
6	96.0	1.0	77.0	1.0	67.0	1.0	13.0	230.07601133223446
7	64.0	1.0	51.0	1.0	42.0	1.0	13.0	89.55483368139978
8	90.0	1.0	72.0	1.0	58.0	1.0	10.0	168.4100846128376
9	65.0	1.0	45.0	1.0	34.0	1.0	12.0	48.9147988591905
10	94.0	0.0	72.0	0.0	31.0	1.0	11.0	84.59351043545759
7
587	233	220
10
1	81.0	1.0	74.0	1.0	46.0	1.0	13.0	120.12341461055978
2	60.0	1.0	55.0	1.0	43.0	1.0	14.0	70.44059928656993
3	80.0	1.0	50.0	1.0	43.0	1.0	14.0	157.6887122538487
4	93.0	0.0	77.0	1.0	43.0	1.0	9.0	181.56326294454684
5	94.0	0.0	73.0	0.0	31.0	1.0	16.0	128.35194204109635
6	56.0	1.0	55.0	1.0	32.0	1.0	9.0	59.68187763113177
7	100.0	1.0	99.0	1.0	86.0	1.0	11.0	550.3276933383197
8	64.0	0.0	46.0	1.0	24.0	1.0	8.0	28.45326485697884
9	99.0	1.0	69.0	1.0	68.0	1.0	8.0	158.62888049769936
10	67.0	0.0	54.0	0.0	20.0	1.0	9.0	42.999274897127314
8
587	233	220
10
1	64.0	1.0	62.0	1.0	49.0	1.0	16.0	123.79949580272559
2	55.0	1.0	55.0	1.0	47.0	1.0	10.0	91.31350670367969
3	93.0	0.0	55.0	1.0	39.0	1.0	11.0	129.89938723141358
4	79.0	0.0	71.0	1.0	37.0	1.0	7.0	108.03866710845396
5	93.0	1.0	83.0	1.0	67.0	1.0	10.0	260.59879718105753
6	83.0	0.0	65.0	1.0	36.0	1.0	9.0	112.93977185588749
7	89.0	1.0	79.0	1.0	46.0	1.0	17.0	139.39123552572667
8	73.0	1.0	61.0	1.0	56.0	1.0	11.0	137.74777232962492
9	77.0	1.0	73.0	1.0	61.0	1.0	19.0	177.94766690232723
10	39.0	1.0	22.0	1.0	21.0	1.0	12.0	9.39681413609863
9
587	233	220
10
1	69.0	0.0	47.0	0.0	21.0	1.0	19.0	40.18911643291692
2	71.0	1.0	43.0	1.0	42.0	1.0	14.0	44.61466987050501
3	73.0	0.0	47.0	1.0	35.0	1.0	18.0	47.45079437911073
4	76.0	1.0	59.0	1.0	41.0	1.0	15.0	162.14903411833012
5	84.0	1.0	52.0	1.0	47.0	1.0	20.0	147.20514536908755
6	67.0	0.0	53.0	1.0	31.0	1.0	12.0	42.47194389280977
7	96.0	0.0	86.0	0.0	38.0	1.0	20.0	219.86907997271146
8	75.0	0.0	67.0	1.0	36.0	1.0	22.0	109.2505513992974
9	72.0	0.0	66.0	0.0	31.0	1.0	21.0	77.87532046230743
10	94.0	0.0	65.0	0.0	28.0	1.0	19.0	54.263445963181
10
587	233	220
10
1	90.0	1.0	82.0	1.0	50.0	1.0	15.0	134.91510940134833
2	89.0	0.0	80.0	1.0	42.0	1.0	17.0	152.00920841016858
3	67.0	1.0	56.0	1.0	38.0	1.0	15.0	145.10706116913127
4	100.0	0.0	24.0	1.0	20.0	1.0	13.0	39.985599754036386
5	75.0	0.0	31.0	1.0	25.0	1.0	22.0	60.75103581021231
6	76.0	1.0	53.0	1.0	40.0	1.0	16.0	64.49377164623621
7	94.0	0.0	64.0	1.0	39.0	1.0	16.0	136.78667884003224
8	60.0	1.0	47.0	1.0	36.0	1.0	16.0	63.37444038598085
9	52.0	0.0	36.0	1.0	25.0	1.0	17.0	28.42639429569792
10	84.0	1.0	60.0	1.0	60.0	1.0	22.0	285.79839852144727
11
587	233	220
10
1	94.0	0.0	50.0	0.0	20.0	1.0	18.0	52.78349784627368
2	53.0	1.0	52.0	1.0	37.0	1.0	19.0	50.89742592627443
3	71.0	0.0	68.0	0.0	29.0	1.0	22.0	63.751347902723275
4	85.0	0.0	67.0	1.0	36.0	1.0	16.0	115.83040602434
5	75.0	1.0	69.0	1.0	53.0	1.0	14.0	115.65277983921058
6	75.0	0.0	41.0	1.0	26.0	1.0	23.0	59.00091492500213
7	79.0	0.0	30.0	1.0	22.0	1.0	29.0	39.2974990331526
8	87.0	1.0	86.0	1.0	60.0	1.0	15.0	273.51293452619166
9	46.0	1.0	45.0	1.0	36.0	1.0	15.0	44.349853538457914
10	86.0	1.0	67.0	1.0	49.0	1.0	17.0	150.57556334783186
12
587	233	220
10
1	86.0	0.0	68.0	0.0	34.0	1.0	11.0	74.41357393269094
2	90.0	1.0	80.0	1.0	46.0	1.0	7.0	111.41353651966651
3	96.0	1.0	93.0	1.0	82.0	1.0	8.0	482.6975378194563
4	94.0	0.0	57.0	0.0	24.0	1.0	14.0	81.4028253391423
5	66.0	0.0	65.0	0.0	31.0	1.0	18.0	49.39899169427336
6	80.0	1.0	68.0	1.0	52.0	1.0	21.0	176.3495314127712
7	95.0	1.0	65.0	1.0	58.0	1.0	10.0	187.94314510353158
8	100.0	0.0	60.0	0.0	26.0	1.0	16.0	70.19625846893013
9	68.0	0.0	63.0	0.0	27.0	1.0	12.0	44.72980865549122
10	72.0	1.0	54.0	1.0	54.0	1.0	9.0	71.88425338699741
13
587	233	220
10
1	81.0	1.0	80.0	1.0	56.0	1.0	11.0	216.10208860619005
2	59.0	0.0	25.0	1.0	23.0	1.0	11.0	22.32577631923861
3	48.0	1.0	33.0	1.0	33.0	1.0	12.0	22.92186954556342
4	72.0	1.0	63.0	1.0	46.0	1.0	14.0	100.45284321541081
5	64.0	0.0	36.0	1.0	23.0	1.0	11.0	43.92582136948862
6	68.0	0.0	53.0	0.0	20.0	1.0	10.0	27.36870460660402
7	84.0	1.0	84.0	1.0	70.0	1.0	13.0	349.1117098994392
8	99.0	1.0	96.0	1.0	82.0	1.0	13.0	475.41168844117846
9	95.0	0.0	78.0	0.0	21.0	1.0	11.0	108.01600501826863
10	96.0	0.0	74.0	0.0	32.0	1.0	11.0	165.16466382705548
14
587	233	220
10
1	75.0	0.0	70.0	0.0	20.0	1.0	10.0	73.6238810464651
2	92.0	1.0	83.0	1.0	48.0	1.0	10.0	199.76310399133806
3	81.0	0.0	76.0	0.0	33.0	1.0	12.0	86.30369078131106
4	70.0	0.0	69.0	0.0	27.0	1.0	20.0	103.06485263164556
5	54.0	1.0	50.0	1.0	46.0	1.0	18.0	49.346581757063205
6	89.0	1.0	70.0	1.0	52.0	1.0	16.0	168.20230403506886
7	94.0	1.0	76.0	1.0	55.0	1.0	18.0	163.2569317129886
8	47.0	1.0	35.0	1.0	32.0	1.0	11.0	32.36756878090348
9	47.0	0.0	27.0	1.0	20.0	1.0	14.0	16.923640637153273
10	95.0	0.0	49.0	1.0	43.0	1.0	23.0	86.83339520454487
15
587	233	220
10
1	92.0	1.0	64.0	1.0	54.0	1.0	26.0	162.9807387888409
2	97.0	0.0	74.0	0.0	23.0	1.0	20.0	125.79808336212955
3	99.0	0.0	23.0	1.0	20.0	1.0	30.0	19.82465034211845
4	39.0	1.0	26.0	1.0	24.0	1.0	23.0	8.775594517786457
5	61.0	0.0	57.0	0.0	20.0	1.0	32.0	24.13946593727041
6	73.0	0.0	64.0	0.0	26.0	1.0	25.0	59.366084899309975
7	75.0	0.0	34.0	1.0	33.0	1.0	29.0	34.521371226706215
8	60.0	1.0	46.0	1.0	41.0	1.0	20.0	89.42938020746536
9	91.0	0.0	36.0	1.0	29.0	1.0	28.0	85.76425320334265
10	67.0	1.0	51.0	1.0	50.0	1.0	23.0	101.30274349743237
16
587	233	220
10
1	85.0	0.0	46.0	1.0	31.0	1.0	17.0	74.07590177584953
2	100.0	0.0	55.0	1.0	32.0	1.0	16.0	116.31743682751745
3	74.0	1.0	73.0	1.0	70.0	1.0	21.0	260.4169285741975
4	94.0	0.0	48.0	1.0	45.0	1.0	15.0	136.49863211394864
5	70.0	0.0	51.0	1.0	34.0	1.0	12.0	71.16411922848722
6	93.0	0.0	37.0	1.0	28.0	1.0	17.0	98.97946743347354
7	90.0	0.0	36.0	1.0	26.0	1.0	14.0	39.03734276134684
8	87.0	0.0	58.0	0.0	24.0	1.0	17.0	75.09716554607172
9	72.0	0.0	60.0	0.0	28.0	1.0	19.0	74.21656094871696
10	76.0	1.0	71.0	1.0	69.0	1.0	15.0	167.97691912783876
17
587	233	220
10
1	60.0	1.0	50.0	1.0	31.0	1.0	23.0	60.168554130085
2	63.0	0.0	59.0	0.0	28.0	1.0	11.0	65.99815138875215
3	85.0	0.0	40.0	1.0	22.0	1.0	27.0	27.00331890461349
4	39.0	1.0	36.0	1.0	22.0	1.0	24.0	19.975130750577296
5	83.0	0.0	39.0	1.0	24.0	1.0	15.0	36.5895221631508
6	56.0	1.0	41.0	1.0	40.0	1.0	37.0	62.86927629653021
7	99.0	0.0	78.0	1.0	46.0	1.0	24.0	135.727690568707
8	59.0	1.0	58.0	1.0	48.0	1.0	32.0	90.22444944559588
9	88.0	0.0	56.0	1.0	42.0	1.0	20.0	182.403215137304
10	41.0	1.0	38.0	1.0	33.0	1.0	29.0	31.588627414731363
18
587	233	220
10
1	61.0	1.0	60.0	1.0	40.0	1.0	13.0	76.6226216396303
2	83.0	1.0	76.0	1.0	74.0	1.0	12.0	304.5094714677071
3	93.0	0.0	36.0	1.0	20.0	1.0	10.0	39.158274598287306
4	87.0	0.0	40.0	1.0	32.0	1.0	11.0	62.0729563120474
5	63.0	1.0	42.0	1.0	39.0	1.0	14.0	49.68157963809077
6	99.0	1.0	60.0	1.0	53.0	1.0	16.0	168.4072439583169
7	69.0	0.0	37.0	1.0	28.0	1.0	12.0	58.104433972514855
8	91.0	1.0	51.0	1.0	46.0	1.0	18.0	77.84444118851879
9	95.0	1.0	82.0	1.0	53.0	1.0	14.0	260.06280823814274
10	96.0	0.0	89.0	0.0	39.0	1.0	11.0	127.49868650607911
19
587	233	220
10
1	67.0	1.0	63.0	1.0	39.0	1.0	14.0	110.71619293220438
2	78.0	1.0	75.0	1.0	74.0	1.0	7.0	205.75097340163398
3	91.0	1.0	90.0	1.0	77.0	1.0	12.0	327.73771247975264
4	61.0	1.0	55.0	1.0	46.0	1.0	9.0	132.54558833844408
5	69.0	1.0	61.0	1.0	51.0	1.0	9.0	127.38298443209588
6	78.0	1.0	72.0	1.0	41.0	1.0	13.0	95.7515452793823
7	94.0	1.0	77.0	1.0	55.0	1.0	13.0	155.06737817256976
8	76.0	0.0	72.0	0.0	34.0	1.0	8.0	113.49365168633028
9	80.0	0.0	71.0	0.0	34.0	1.0	12.0	138.92308877075354
10	67.0	1.0	59.0	1.0	57.0	1.0	8.0	99.31657678896876
20
587	233	220
10
1	94.0	0.0	74.0	0.0	30.0	1.0	10.0	121.60457181373101
2	76.0	0.0	59.0	1.0	32.0	1.0	10.0	92.70797522345804
3	81.0	1.0	72.0	1.0	45.0	1.0	17.0	157.67797565699053
4	95.0	1.0	75.0	1.0	53.0	1.0	7.0	206.50985606013057
5	82.0	1.0	68.0	1.0	56.0	1.0	10.0	167.70086251049955
6	82.0	1.0	58.0	1.0	49.0	1.0	15.0	186.1400022850945
7	97.0	1.0	84.0	1.0	76.0	1.0	11.0	356.3627800352276
8	46.0	1.0	46.0	1.0	37.0	1.0	11.0	57.008340182050844
9	56.0	1.0	42.0	1.0	34.0	1.0	8.0	31.684387186799327
10	90.0	1.0	85.0	1.0	61.0	1.0	9.0	371.33546451772173
21
587	233	220
10
1	73.0	0.0	50.0	0.0	25.0	1.0	6.0	87.53315229679878
2	100.0	0.0	57.0	1.0	35.0	1.0	13.0	101.30399566872428
3	88.0	1.0	77.0	1.0	45.0	1.0	13.0	204.30800602187998
4	82.0	0.0	61.0	0.0	28.0	1.0	13.0	83.81148971601051
5	88.0	1.0	76.0	1.0	45.0	1.0	7.0	201.84630240957816
6	88.0	0.0	73.0	0.0	22.0	1.0	14.0	104.937302474684
7	89.0	1.0	73.0	1.0	57.0	1.0	18.0	181.6501465922723
8	98.0	0.0	63.0	1.0	43.0	1.0	17.0	137.5965853745159
9	94.0	0.0	93.0	0.0	41.0	1.0	10.0	199.34982713483822
10	90.0	0.0	69.0	0.0	28.0	1.0	13.0	125.75395533904035
22
587	233	220
10
1	86.0	1.0	61.0	1.0	49.0	1.0	21.0	243.46574893666948
2	90.0	1.0	56.0	1.0	55.0	1.0	8.0	124.08762248929413
3	77.0	1.0	76.0	1.0	74.0	1.0	13.0	284.59979482666176
4	98.0	0.0	90.0	0.0	28.0	1.0	13.0	252.6611329683153
5	89.0	0.0	76.0	0.0	36.0	1.0	13.0	189.30098215237464
6	80.0	0.0	54.0	1.0	38.0	1.0	7.0	98.18686707155332
7	100.0	0.0	40.0	1.0	37.0	1.0	11.0	90.17177396949583
8	78.0	0.0	45.0	1.0	35.0	1.0	10.0	88.60817360134514
9	97.0	1.0	64.0	1.0	61.0	1.0	13.0	214.58405543343767
10	94.0	0.0	37.0	1.0	36.0	1.0	12.0	71.49652777002751
23
587	233	220
10
1	98.0	0.0	93.0	0.0	24.0	1.0	11.0	103.76494609202324
2	86.0	0.0	81.0	0.0	34.0	1.0	11.0	170.18869745771613
3	98.0	1.0	89.0	1.0	77.0	1.0	11.0	317.61688407298584
4	75.0	1.0	75.0	1.0	57.0	1.0	10.0	106.22924352786474
5	71.0	1.0	61.0	1.0	37.0	1.0	9.0	100.57589196254573
6	79.0	0.0	31.0	1.0	30.0	1.0	9.0	35.03819123894812
7	46.0	1.0	38.0	1.0	32.0	1.0	15.0	40.05035004125631
8	97.0	0.0	56.0	1.0	31.0	1.0	17.0	67.62900359438807
9	98.0	0.0	86.0	0.0	22.0	1.0	17.0	93.34570702540668
10	89.0	0.0	83.0	1.0	42.0	1.0	17.0	140.03111929647923
24
587	233	220
10
1	61.0	1.0	50.0	1.0	34.0	1.0	20.0	57.47771421176486
2	98.0	0.0	58.0	1.0	42.0	1.0	23.0	110.01961518070586
3	71.0	0.0	40.0	1.0	28.0	1.0	24.0	46.282813586368825
4	76.0	0.0	45.0	1.0	31.0	1.0	17.0	67.47682384779468
5	87.0	0.0	43.0	1.0	23.0	1.0	16.0	37.037127877568736
6	51.0	1.0	44.0	1.0	29.0	1.0	21.0	51.58943574125042
7	59.0	0.0	52.0	1.0	27.0	1.0	24.0	31.20188940980926
8	97.0	0.0	67.0	0.0	30.0	1.0	21.0	84.9650543148941
9	76.0	0.0	69.0	0.0	22.0	1.0	19.0	46.944172612744865
10	80.0	1.0	72.0	1.0	56.0	1.0	24.0	188.71661416356508
25
587	233	220
10
1	84.0	0.0	36.0	1.0	27.0	1.0	14.0	56.12238189432423
2	89.0	1.0	52.0	1.0	47.0	1.0	16.0	87.18108378602875
3	74.0	0.0	51.0	1.0	33.0	1.0	16.0	79.26744781031722
4	88.0	0.0	86.0	0.0	30.0	1.0	14.0	92.440073290317
5	87.0	1.0	68.0	1.0	65.0	1.0	17.0	165.1701898358759
6	58.0	1.0	57.0	1.0	46.0	1.0	15.0	100.30724135334466
7	55.0	1.0	41.0	1.0	38.0	1.0	15.0	49.766187398239836
8	99.0	1.0	72.0	1.0	70.0	1.0	11.0	356.1464960844231
9	98.0	1.0	83.0	1.0	51.0	1.0	9.0	141.6975834812206
10	50.0	0.0	40.0	1.0	25.0	1.0	14.0	21.873946255182126
26
587	233	220
10
1	64.0	1.0	57.0	1.0	34.0	1.0	15.0	78.05810712590593
2	82.0	1.0	75.0	1.0	46.0	1.0	12.0	143.84011341842833
3	83.0	0.0	27.0	1.0	24.0	1.0	16.0	31.420560004725278
4	80.0	1.0	48.0	1.0	44.0	1.0	16.0	96.91134285407439
5	88.0	0.0	64.0	0.0	25.0	1.0	19.0	58.340069309543885
6	84.0	1.0	82.0	1.0	54.0	1.0	23.0	286.99807766692
7	86.0	0.0	31.0	1.0	26.0	1.0	19.0	53.78769807021285
8	92.0	0.0	75.0	1.0	45.0	1.0	19.0	155.4754005140975
9	83.0	0.0	25.0	1.0	23.0	1.0	25.0	20.482545598913806
10	53.0	1.0	45.0	1.0	27.0	1.0	25.0	28.277985787327456
27
587	233	220
10
1	94.0	0.0	55.0	1.0	32.0	1.0	13.0	110.11521526283651
2	76.0	1.0	61.0	1.0	60.0	1.0	14.0	151.8953158392359
3	91.0	0.0	83.0	0.0	31.0	1.0	14.0	111.0782782500759
4	61.0	1.0	48.0	1.0	42.0	1.0	16.0	52.33484785024946
5	68.0	1.0	68.0	1.0	60.0	1.0	12.0	190.98618929415719
6	76.0	1.0	66.0	1.0	54.0	1.0	19.0	124.64246071874977
7	86.0	0.0	86.0	0.0	22.0	1.0	22.0	104.8350313084604
8	78.0	0.0	45.0	1.0	28.0	1.0	22.0	69.50321455050612
9	97.0	0.0	82.0	0.0	35.0	1.0	14.0	129.64679540834246
10	61.0	0.0	35.0	1.0	23.0	1.0	12.0	50.38603184668252
28
587	233	220
10
1	57.0	0.0	30.0	1.0	25.0	1.0	17.0	24.433425615741488
2	93.0	1.0	82.0	1.0	72.0	1.0	13.0	406.54081991394884
3	63.0	0.0	41.0	1.0	31.0	1.0	11.0	58.24072951429429
4	99.0	0.0	59.0	1.0	33.0	1.0	12.0	152.80965413046414
5	92.0	0.0	30.0	1.0	20.0	1.0	17.0	25.202350156541016
6	93.0	0.0	44.0	1.0	26.0	1.0	18.0	62.349686843208815
7	100.0	0.0	68.0	0.0	32.0	1.0	14.0	117.01283076375881
8	100.0	0.0	33.0	1.0	21.0	1.0	21.0	42.40545822307868
9	58.0	1.0	56.0	1.0	47.0	1.0	10.0	109.0222862243386
10	99.0	1.0	82.0	1.0	68.0	1.0	18.0	276.5283671749078
29
587	233	220
10
1	100.0	0.0	60.0	0.0	20.0	1.0	22.0	122.62682821035209
2	80.0	0.0	56.0	1.0	32.0	1.0	20.0	113.85437543817875
3	65.0	0.0	52.0	1.0	27.0	1.0	34.0	86.17584882152748
4	75.0	1.0	64.0	1.0	44.0	1.0	35.0	188.45052886061637
5	62.0	1.0	50.0	1.0	32.0	1.0	36.0	82.57090415621849
6	58.0	0.0	51.0	0.0	21.0	1.0	23.0	39.17778380186731
7	78.0	0.0	48.0	0.0	21.0	1.0	16.0	27.681248678005307
8	96.0	0.0	52.0	1.0	39.0	1.0	23.0	153.28292563997044
9	77.0	1.0	45.0	1.0	40.0	1.0	18.0	132.60127909446018
10	55.0	0.0	37.0	1.0	20.0	1.0	21.0	28.7246105320362
30
587	233	220
10
1	99.0	1.0	85.0	1.0	60.0	1.0	6.0	429.70546657352486
2	80.0	1.0	80.0	1.0	78.0	1.0	11.0	260.57210430415677
3	98.0	0.0	45.0	1.0	25.0	1.0	4.0	88.67911144118557
4	98.0	0.0	84.0	0.0	23.0	1.0	7.0	66.31837078770623
5	81.0	1.0	77.0	1.0	41.0	1.0	10.0	137.82407209941488
6	97.0	1.0	77.0	1.0	54.0	1.0	12.0	227.653595820733
7	91.0	1.0	85.0	1.0	80.0	1.0	9.0	432.3709677747541
8	98.0	0.0	68.0	0.0	33.0	1.0	5.0	120.74696535847538
9	93.0	1.0	61.0	1.0	51.0	1.0	7.0	132.5396837232241
10	94.0	1.0	89.0	1.0	64.0	1.0	6.0	313.91452381364724
31
587	233	220
10
1	100.0	1.0	93.0	1.0	52.0	1.0	14.0	340.4434905373719
2	93.0	0.0	53.0	0.0	24.0	1.0	17.0	66.45586010292384
3	86.0	0.0	74.0	0.0	26.0	1.0	18.0	66.09860496709999
4	95.0	1.0	74.0	1.0	58.0	1.0	9.0	259.0237908309284
5	83.0	1.0	59.0	1.0	53.0	1.0	11.0	145.17818379393913
6	83.0	0.0	38.0	1.0	30.0	1.0	9.0	46.51935600966917
7	64.0	1.0	55.0	1.0	33.0	1.0	11.0	57.89872727338461
8	56.0	1.0	35.0	1.0	31.0	1.0	12.0	30.55012755685323
9	87.0	0.0	86.0	0.0	41.0	1.0	22.0	247.41470907848847
10	91.0	0.0	63.0	0.0	20.0	1.0	15.0	73.275557151069
32
587	233	220
10
1	71.0	0.0	24.0	1.0	23.0	1.0	14.0	16.85652841000644
2	91.0	1.0	64.0	1.0	60.0	1.0	18.0	220.11502537431178
3	97.0	0.0	66.0	1.0	41.0	1.0	14.0	136.59154206873907
4	36.0	1.0	31.0	1.0	25.0	1.0	19.0	13.348978900175057
5	100.0	0.0	72.0	1.0	45.0	1.0	13.0	191.94745908753004
6	100.0	1.0	72.0	1.0	52.0	1.0	13.0	191.0514354983822
7	78.0	1.0	62.0	1.0	45.0	1.0	16.0	140.6661741839532
8	94.0	0.0	34.0	1.0	28.0	1.0	15.0	43.46696510561479
9	73.0	1.0	46.0	1.0	43.0	1.0	16.0	133.08781590981613
10	100.0	0.0	80.0	0.0	23.0	1.0	15.0	171.0577448949897
33
587	233	220
10
1	72.0	0.0	71.0	0.0	34.0	1.0	24.0	63.26828055020761
2	82.0	0.0	45.0	1.0	26.0	1.0	20.0	55.28166909719011
3	65.0	1.0	62.0	1.0	50.0	1.0	18.0	126.86939040015008
4	92.0	1.0	83.0	1.0	54.0	1.0	14.0	176.6126152232821
5	78.0	0.0	36.0	1.0	29.0	1.0	21.0	54.483239096469084
6	94.0	0.0	44.0	1.0	35.0	1.0	15.0	74.5016330088027
7	98.0	0.0	94.0	0.0	31.0	1.0	19.0	282.4355410579648
8	65.0	0.0	49.0	1.0	32.0	1.0	22.0	46.94858973121107
9	67.0	1.0	42.0	1.0	35.0	1.0	18.0	51.138507800019106
10	81.0	0.0	40.0	0.0	20.0	1.0	19.0	21.529733710106996
34
587	233	220
10
1	77.0	0.0	23.0	1.0	22.0	1.0	13.0	17.67777114701585
2	63.0	0.0	59.0	0.0	20.0	1.0	18.0	25.511853548712065
3	99.0	1.0	71.0	1.0	50.0	1.0	10.0	330.7506771122718
4	97.0	1.0	82.0	1.0	78.0	1.0	15.0	583.4425032173722
5	79.0	0.0	55.0	1.0	33.0	1.0	16.0	71.24489513196876
6	85.0	0.0	30.0	1.0	30.0	1.0	17.0	42.73612018558813
7	100.0	1.0	95.0	1.0	71.0	1.0	10.0	231.47370482014858
8	91.0	0.0	82.0	0.0	32.0	1.0	8.0	126.62646177577554
9	87.0	0.0	42.0	1.0	30.0	1.0	12.0	55.76426293861491
10	72.0	0.0	58.0	0.0	27.0	1.0	16.0	113.15952351175947
35
587	233	220
10
1	91.0	0.0	68.0	0.0	30.0	1.0	20.0	114.55835561958045
2	54.0	1.0	48.0	1.0	35.0	1.0	20.0	32.206238129017976
3	98.0	0.0	46.0	1.0	40.0	1.0	18.0	162.24429102452564
4	70.0	1.0	60.0	1.0	50.0	1.0	20.0	192.35178949434507
5	97.0	1.0	68.0	1.0	54.0	1.0	16.0	126.19292752072826
6	50.0	1.0	45.0	1.0	41.0	1.0	16.0	51.22146258315323
7	76.0	0.0	47.0	1.0	29.0	1.0	18.0	62.750620116067026
8	73.0	0.0	48.0	1.0	26.0	1.0	13.0	47.721226973512984
9	72.0	1.0	69.0	1.0	42.0	1.0	20.0	133.03216061175706
10	91.0	0.0	78.0	0.0	22.0	1.0	16.0	91.43221479831159
36
587	233	220
10
1	81.0	0.0	55.0	1.0	33.0	1.0	20.0	115.32006148787842
2	99.0	1.0	86.0	1.0	56.0	1.0	11.0	237.44997057841195
3	62.0	1.0	41.0	1.0	33.0	1.0	8.0	56.282048903873935
4	75.0	1.0	63.0	1.0	40.0	1.0	12.0	92.02544515407473
5	99.0	1.0	83.0	1.0	73.0	1.0	12.0	490.20946057087247
6	75.0	1.0	74.0	1.0	44.0	1.0	14.0	163.30310372355459
7	83.0	0.0	56.0	1.0	31.0	1.0	16.0	90.07079796649491
8	54.0	0.0	42.0	1.0	23.0	1.0	15.0	35.337682017442916
9	76.0	0.0	61.0	0.0	27.0	1.0	9.0	64.58711853840231
10	84.0	1.0	78.0	1.0	63.0	1.0	10.0	218.64554218747247
37
587	233	220
10
1	71.0	0.0	62.0	0.0	28.0	1.0	18.0	65.18869541082628
2	88.0	0.0	32.0	1.0	27.0	1.0	14.0	54.7252614166325
3	76.0	1.0	53.0	1.0	53.0	1.0	18.0	117.06634293290618
4	83.0	1.0	70.0	1.0	62.0	1.0	26.0	144.19644592371316
5	95.0	0.0	52.0	1.0	40.0	1.0	16.0	201.1080080036828
6	84.0	0.0	39.0	1.0	34.0	1.0	21.0	70.18678302942884
7	71.0	0.0	41.0	1.0	31.0	1.0	14.0	35.68172568746619
8	95.0	0.0	36.0	1.0	29.0	1.0	10.0	74.92886938938727
9	63.0	1.0	59.0	1.0	44.0	1.0	16.0	133.73899183000287
10	96.0	0.0	45.0	1.0	36.0	1.0	20.0	141.4212107472919
38
587	233	220
10
1	94.0	0.0	89.0	0.0	34.0	1.0	11.0	163.98278490917693
2	91.0	0.0	59.0	0.0	29.0	1.0	11.0	96.51006291363468
3	72.0	0.0	49.0	1.0	35.0	1.0	14.0	56.08029632259143
4	78.0	0.0	45.0	1.0	31.0	1.0	10.0	60.0533675157895
5	96.0	1.0	90.0	1.0	88.0	1.0	18.0	383.659104544012
6	87.0	0.0	83.0	0.0	38.0	1.0	9.0	205.32105574681864
7	83.0	0.0	79.0	0.0	26.0	1.0	11.0	117.99658555814922
8	72.0	1.0	65.0	1.0	37.0	1.0	16.0	107.33178922309088
9	42.0	1.0	40.0	1.0	33.0	1.0	17.0	33.76025686017485
10	45.0	1.0	40.0	1.0	38.0	1.0	10.0	40.346629667777
39
587	233	220
10
1	92.0	1.0	90.0	1.0	54.0	1.0	9.0	255.20350510504073
2	75.0	0.0	66.0	1.0	37.0	1.0	17.0	84.74918713432874
3	86.0	0.0	41.0	1.0	31.0	1.0	10.0	50.17436551960219
4	97.0	0.0	76.0	0.0	35.0	1.0	12.0	146.5734193740329
5	90.0	1.0	76.0	1.0	70.0	1.0	14.0	320.19597717242607
6	99.0	0.0	84.0	0.0	42.0	1.0	10.0	179.7402007880304
7	85.0	0.0	33.0	1.0	26.0	1.0	14.0	27.385434404362062
8	73.0	0.0	34.0	1.0	25.0	1.0	11.0	26.504002512337827
9	82.0	1.0	58.0	1.0	54.0	1.0	11.0	112.58862740438117
10	93.0	1.0	81.0	1.0	56.0	1.0	9.0	226.63910476739332
40
587	233	220
10
1	98.0	1.0	88.0	1.0	80.0	1.0	9.0	572.279595005842
2	78.0	1.0	63.0	1.0	61.0	1.0	8.0	119.41547406739429
3	94.0	1.0	92.0	1.0	89.0	1.0	9.0	241.61993724229748
4	53.0	1.0	41.0	1.0	38.0	1.0	8.0	38.85148148422731
5	90.0	0.0	42.0	1.0	30.0	1.0	7.0	74.59441543516328
6	74.0	1.0	66.0	1.0	64.0	1.0	10.0	138.22699604213958
7	60.0	1.0	52.0	1.0	40.0	1.0	9.0	122.74249846673676
8	95.0	0.0	92.0	0.0	41.0	1.0	7.0	161.41570181427537
9	86.0	1.0	70.0	1.0	50.0	1.0	10.0	134.87407007059537
10	74.0	1.0	71.0	1.0	56.0	1.0	10.0	111.27458865816875
41
587	233	220
10
1	51.0	1.0	43.0	1.0	37.0	1.0	20.0	46.675854632010434
2	75.0	1.0	66.0	1.0	59.0	1.0	13.0	239.95084550277713
3	88.0	1.0	76.0	1.0	62.0	1.0	16.0	153.23526865534785
4	94.0	0.0	65.0	0.0	26.0	1.0	10.0	48.185240382764505
5	40.0	1.0	33.0	1.0	23.0	1.0	22.0	25.65338270091343
6	59.0	1.0	49.0	1.0	44.0	1.0	19.0	66.19498148559562
7	79.0	0.0	44.0	1.0	38.0	1.0	15.0	83.53528366943394
8	74.0	0.0	41.0	1.0	34.0	1.0	21.0	47.47072130386872
9	92.0	0.0	56.0	1.0	33.0	1.0	20.0	71.68098778010895
10	96.0	0.0	64.0	1.0	37.0	1.0	25.0	164.12665051950995
42
587	233	220
10
1	96.0	0.0	73.0	1.0	39.0	1.0	15.0	131.05178570851848
2	54.0	1.0	46.0	1.0	43.0	1.0	17.0	47.96791400161131
3	48.0	1.0	39.0	1.0	38.0	1.0	22.0	41.418470307764395
4	75.0	0.0	41.0	1.0	25.0	1.0	23.0	56.70273120628133
5	84.0	0.0	74.0	0.0	22.0	1.0	16.0	78.09473756366067
6	75.0	1.0	69.0	1.0	51.0	1.0	11.0	186.08994254731923
7	51.0	0.0	26.0	1.0	20.0	1.0	25.0	18.060007093601357
8	43.0	1.0	42.0	1.0	36.0	1.0	20.0	22.041878035729674
9	96.0	1.0	79.0	1.0	65.0	1.0	22.0	296.65560268851624
10	98.0	0.0	50.0	0.0	20.0	1.0	27.0	36.31162941745019
43
587	233	220
10
1	59.0	1.0	57.0	1.0	43.0	1.0	24.0	76.78368740024543
2	90.0	0.0	43.0	1.0	35.0	1.0	22.0	65.82809679605079
3	46.0	0.0	33.0	1.0	20.0	1.0	21.0	30.105486751519248
4	85.0	1.0	80.0	1.0	64.0	1.0	19.0	224.2633617304996
5	87.0	0.0	25.0	1.0	23.0	1.0	16.0	31.439640910601465
6	85.0	0.0	77.0	1.0	41.0	1.0	17.0	83.25785824949843
7	87.0	0.0	36.0	1.0	32.0	1.0	19.0	46.85972602909889
8	64.0	1.0	39.0	1.0	37.0	1.0	25.0	53.890748088715405
9	87.0	0.0	44.0	1.0	27.0	1.0	20.0	98.57650432795269
10	92.0	0.0	54.0	1.0	31.0	1.0	20.0	89.09337919272444
44
587	233	220
10
1	44.0	0.0	22.0	1.0	20.0	1.0	13.0	14.526517559884761
2	89.0	1.0	73.0	1.0	47.0	1.0	11.0	282.24660313376336
3	64.0	0.0	60.0	0.0	30.0	1.0	19.0	93.57236702834952
4	73.0	1.0	37.0	1.0	37.0	1.0	9.0	72.19528980841025
5	74.0	0.0	43.0	1.0	23.0	1.0	12.0	50.57754507251905
6	87.0	1.0	73.0	1.0	58.0	1.0	7.0	154.4794031374255
7	86.0	0.0	59.0	0.0	24.0	1.0	16.0	49.73636173049863
8	92.0	0.0	48.0	1.0	37.0	1.0	15.0	79.73984807951996
9	95.0	1.0	83.0	1.0	79.0	1.0	21.0	518.1328027963395
10	97.0	0.0	58.0	0.0	25.0	1.0	14.0	74.54952673791502
45
587	233	220
10
1	98.0	0.0	38.0	1.0	35.0	1.0	16.0	48.332482202729665
2	89.0	1.0	58.0	1.0	47.0	1.0	12.0	159.39208501705482
3	95.0	0.0	50.0	1.0	45.0	1.0	10.0	134.63137798179142
4	81.0	0.0	73.0	0.0	36.0	1.0	14.0	156.16210708185278
5	93.0	1.0	72.0	1.0	66.0	1.0	18.0	409.233923823132
6	97.0	0.0	59.0	1.0	42.0	1.0	12.0	114.13628426529925
7	69.0	0.0	46.0	0.0	21.0	1.0	8.0	31.696536238797044
8	96.0	0.0	38.0	1.0	28.0	1.0	13.0	50.08064393574072
9	93.0	0.0	70.0	1.0	40.0	1.0	19.0	117.23372852773342
10	98.0	0.0	58.0	1.0	37.0	1.0	10.0	132.82854677673103
46
587	233	220
10
1	99.0	0.0	42.0	1.0	25.0	1.0	14.0	91.97246638266883
2	100.0	0.0	65.0	0.0	29.0	1.0	19.0	81.37667118291654
3	89.0	1.0	79.0	1.0	69.0	1.0	13.0	280.0372604986463
4	98.0	0.0	66.0	0.0	33.0	1.0	15.0	129.7557024952421
5	89.0	0.0	45.0	1.0	38.0	1.0	15.0	57.42572194250526
6	87.0	1.0	83.0	1.0	55.0	1.0	14.0	241.2127133467197
7	86.0	0.0	61.0	1.0	33.0	1.0	19.0	66.90267743489382
8	79.0	0.0	46.0	1.0	33.0	1.0	17.0	112.88078628817165
9	68.0	0.0	43.0	0.0	21.0	1.0	13.0	40.58068042425081
10	85.0	0.0	49.0	1.0	28.0	1.0	13.0	59.229280163478236
47
587	233	220
10
1	82.0	0.0	39.0	1.0	27.0	1.0	18.0	66.32679008472863
2	87.0	0.0	72.0	0.0	29.0	1.0	21.0	69.83150389325318
3	85.0	1.0	73.0	1.0	64.0	1.0	19.0	200.64860166464194
4	66.0	0.0	55.0	1.0	32.0	1.0	23.0	80.83455619890826
5	79.0	0.0	74.0	0.0	21.0	1.0	18.0	106.49214854777779
6	83.0	0.0	54.0	1.0	28.0	1.0	18.0	62.92644274345899
7	88.0	0.0	69.0	0.0	34.0	1.0	14.0	158.6925223460751
8	56.0	1.0	33.0	1.0	31.0	1.0	17.0	28.7635080338067
9	75.0	0.0	57.0	1.0	34.0	1.0	11.0	102.6374226352596
10	91.0	0.0	44.0	1.0	42.0	1.0	27.0	66.0305126359435
48
587	233	220
10
1	81.0	0.0	73.0	1.0	40.0	1.0	14.0	94.22533394697577
2	52.0	1.0	52.0	1.0	47.0	1.0	14.0	60.14555118654338
3	99.0	0.0	63.0	1.0	35.0	1.0	8.0	114.04900523507891
4	55.0	1.0	54.0	1.0	33.0	1.0	17.0	43.31723415880857
5	51.0	0.0	30.0	1.0	23.0	1.0	12.0	20.190298464614962
6	87.0	1.0	85.0	1.0	60.0	1.0	11.0	171.58225401569777
7	90.0	0.0	64.0	0.0	20.0	1.0	10.0	74.6002665363926
8	98.0	1.0	98.0	1.0	84.0	1.0	15.0	270.6408932861803
9	65.0	0.0	46.0	1.0	32.0	1.0	14.0	63.09593645309392
10	81.0	0.0	75.0	0.0	31.0	1.0	8.0	59.50534624898719
49
587	233	220
10
1	64.0	1.0	62.0	1.0	61.0	1.0	15.0	149.77078368288826
2	99.0	1.0	87.0	1.0	75.0	1.0	12.0	274.278946773289
3	97.0	0.0	55.0	1.0	29.0	1.0	15.0	117.27751735596271
4	88.0	0.0	73.0	1.0	39.0	1.0	17.0	148.56249505030829
5	86.0	1.0	59.0	1.0	49.0	1.0	16.0	182.50374557666498
6	73.0	1.0	69.0	1.0	42.0	1.0	14.0	160.2753270571104
7	66.0	0.0	36.0	1.0	30.0	1.0	18.0	36.32345837735668
8	36.0	1.0	29.0	1.0	23.0	1.0	11.0	14.03549778203799
9	60.0	0.0	41.0	1.0	23.0	1.0	8.0	26.58158393581646
10	86.0	0.0	51.0	1.0	36.0	1.0	19.0	84.9792860045063
50
587	233	220
10
1	54.0	0.0	36.0	1.0	26.0	1.0	3.0	23.41009326608745
2	85.0	0.0	33.0	1.0	32.0	1.0	7.0	41.387267244539466
3	78.0	0.0	75.0	0.0	31.0	1.0	8.0	114.12081852319562
4	56.0	0.0	45.0	1.0	24.0	1.0	12.0	30.65515582993943
5	99.0	1.0	96.0	1.0	93.0	1.0	10.0	582.2418945081307
6	48.0	1.0	36.0	1.0	30.0	1.0	7.0	27.35759716368988
7	97.0	0.0	23.0	1.0	22.0	1.0	11.0	28.05340142956595
8	89.0	0.0	45.0	1.0	24.0	1.0	10.0	46.36056014197852
9	99.0	1.0	88.0	1.0	83.0	1.0	14.0	358.80884984747786
10	100.0	1.0	87.0	1.0	61.0	1.0	11.0	198.27015757884485
51
587	233	220
10
1	78.0	0.0	60.0	1.0	34.0	1.0	16.0	54.92299296872052
2	99.0	0.0	69.0	0.0	25.0	1.0	9.0	136.50278113693784
3	69.0	0.0	43.0	1.0	22.0	1.0	15.0	50.592618434078865
4	62.0	1.0	48.0	1.0	47.0	1.0	15.0	63.49096546859103
5	66.0	0.0	54.0	0.0	26.0	1.0	8.0	43.150815406911065
6	67.0	1.0	64.0	1.0	57.0	1.0	14.0	169.99681181703411
7	87.0	0.0	79.0	1.0	40.0	1.0	15.0	167.0465540213432
8	92.0	1.0	79.0	1.0	74.0	1.0	12.0	338.915120289546
9	98.0	1.0	66.0	1.0	57.0	1.0	20.0	286.427705104515
10	64.0	0.0	61.0	0.0	20.0	1.0	10.0	40.84401379226733
52
587	233	220
10
1	72.0	1.0	50.0	1.0	46.0	1.0	21.0	70.80416054034252
2	85.0	1.0	84.0	1.0	74.0	1.0	14.0	557.1544882060293
3	40.0	1.0	36.0	1.0	22.0	1.0	16.0	12.660373284162045
4	87.0	1.0	74.0	1.0	59.0	1.0	16.0	153.051225163935
5	97.0	0.0	49.0	1.0	35.0	1.0	17.0	71.370375435602
6	81.0	0.0	61.0	1.0	38.0	1.0	14.0	130.14589052066208
7	97.0	0.0	53.0	0.0	24.0	1.0	16.0	59.57182681053221
8	44.0	1.0	39.0	1.0	27.0	1.0	22.0	27.312567381394498
9	68.0	1.0	53.0	1.0	50.0	1.0	14.0	79.29781503281355
10	50.0	1.0	49.0	1.0	27.0	1.0	20.0	52.34478424161544
53
587	233	220
10
1	71.0	0.0	46.0	1.0	29.0	1.0	24.0	69.71585750520312
2	93.0	1.0	66.0	1.0	53.0	1.0	13.0	226.0379737211917
3	77.0	0.0	46.0	0.0	20.0	1.0	24.0	34.93933617379804
4	83.0	0.0	66.0	0.0	32.0	1.0	17.0	120.7235330537423
5	76.0	0.0	30.0	1.0	21.0	1.0	28.0	21.900924280864356
6	38.0	1.0	30.0	1.0	27.0	1.0	24.0	16.48752098167528
7	92.0	1.0	66.0	1.0	63.0	1.0	30.0	249.79361466475484
8	83.0	0.0	70.0	0.0	21.0	1.0	16.0	107.78065883615025
9	55.0	0.0	28.0	1.0	26.0	1.0	19.0	19.086146430632958
10	78.0	0.0	51.0	0.0	24.0	1.0	27.0	53.23982788766475
54
587	233	220
10
1	71.0	1.0	68.0	1.0	58.0	1.0	14.0	244.04556193646604
2	92.0	0.0	40.0	1.0	36.0	1.0	15.0	114.63561044212598
3	65.0	0.0	63.0	0.0	20.0	1.0	14.0	56.05066557424173
4	90.0	1.0	81.0	1.0	77.0	1.0	15.0	251.91238250030332
5	68.0	0.0	37.0	1.0	32.0	1.0	11.0	45.897322974286645
6	87.0	0.0	49.0	1.0	32.0	1.0	11.0	82.27961231937131
7	80.0	1.0	73.0	1.0	68.0	1.0	15.0	180.99718055627426
8	84.0	1.0	54.0	1.0	45.0	1.0	12.0	146.3061235175115
9	92.0	0.0	59.0	1.0	30.0	1.0	13.0	83.2036924332493
10	80.0	0.0	36.0	1.0	26.0	1.0	18.0	47.44116595508758
55
587	233	220
10
1	97.0	0.0	52.0	1.0	37.0	1.0	15.0	126.30267535722453
2	85.0	1.0	61.0	1.0	50.0	1.0	15.0	135.38361224500733
3	74.0	0.0	57.0	1.0	35.0	1.0	20.0	97.24616122785666
4	31.0	1.0	31.0	1.0	22.0	1.0	20.0	18.468341562385227
5	98.0	0.0	95.0	0.0	24.0	1.0	26.0	149.27874428633314
6	75.0	1.0	57.0	1.0	39.0	1.0	19.0	132.9104999446207
7	62.0	1.0	47.0	1.0	42.0	1.0	16.0	44.83071246801322
8	97.0	0.0	85.0	0.0	30.0	1.0	18.0	177.9239331877556
9	61.0	1.0	51.0	1.0	43.0	1.0	10.0	92.67338816006931
10	98.0	0.0	52.0	1.0	31.0	1.0	20.0	158.13401401160849
56
587	233	220
10
1	59.0	0.0	46.0	0.0	20.0	1.0	29.0	27.427828103879836
2	46.0	1.0	36.0	1.0	24.0	1.0	25.0	18.72587562456547
3	91.0	0.0	55.0	1.0	36.0	1.0	23.0	113.17232700398307
4	64.0	0.0	46.0	1.0	26.0	1.0	34.0	23.443361271431378
5	71.0	0.0	43.0	1.0	26.0	1.0	28.0	30.139394878620944
6	53.0	1.0	45.0	1.0	32.0	1.0	24.0	76.31285339503468
7	88.0	0.0	54.0	1.0	29.0	1.0	27.0	83.01073764323597
8	99.0	0.0	66.0	1.0	44.0	1.0	22.0	134.8751678208226
9	96.0	0.0	47.0	1.0	46.0	1.0	26.0	109.67570189433903
10	41.0	1.0	29.0	1.0	24.0	1.0	40.0	14.855924074422541
57
587	233	220
10
1	93.0	1.0	84.0	1.0	52.0	1.0	15.0	293.4309424225087
2	68.0	1.0	51.0	1.0	38.0	1.0	12.0	79.24120186386963
3	84.0	0.0	75.0	0.0	32.0	1.0	16.0	91.18832424956916
4	99.0	0.0	36.0	1.0	32.0	1.0	13.0	70.44141301562067
5	77.0	0.0	69.0	0.0	24.0	1.0	13.0	74.95188787896492
6	84.0	1.0	70.0	1.0	51.0	1.0	19.0	220.3300796434155
7	94.0	1.0	66.0	1.0	51.0	1.0	7.0	116.32456460079956
8	96.0	1.0	91.0	1.0	57.0	1.0	12.0	284.8386145926762
9	66.0	0.0	42.0	0.0	20.0	1.0	17.0	48.39068491879603
10	46.0	1.0	38.0	1.0	34.0	1.0	17.0	32.532965777887334
58
587	233	220
10
1	73.0	0.0	41.0	0.0	20.0	1.0	12.0	29.360830129155385
2	70.0	0.0	60.0	0.0	25.0	1.0	20.0	60.40380093859559
3	70.0	0.0	47.0	0.0	20.0	1.0	15.0	28.768150851246233
4	68.0	0.0	56.0	1.0	32.0	1.0	23.0	41.0463711828161
5	93.0	1.0	69.0	1.0	59.0	1.0	13.0	211.76467286585486
6	77.0	0.0	66.0	1.0	34.0	1.0	13.0	85.34480474714687
7	86.0	0.0	69.0	0.0	32.0	1.0	16.0	147.26657014434056
8	75.0	1.0	53.0	1.0	38.0	1.0	20.0	59.84415495217752
9	86.0	1.0	76.0	1.0	69.0	1.0	20.0	212.91940300024714
10	85.0	0.0	61.0	0.0	20.0	1.0	9.0	45.316994474188164
59
587	233	220
10
1	51.0	0.0	34.0	1.0	22.0	1.0	16.0	15.062822230776687
2	61.0	0.0	46.0	1.0	24.0	1.0	18.0	40.21077019235678
3	95.0	1.0	79.0	1.0	51.0	1.0	20.0	171.7774981898263
4	92.0	1.0	74.0	1.0	63.0	1.0	26.0	221.2166902124242
5	74.0	1.0	59.0	1.0	55.0	1.0	11.0	72.17789109770766
6	91.0	0.0	35.0	1.0	28.0	1.0	15.0	43.379044939858225
7	75.0	0.0	25.0	1.0	24.0	1.0	12.0	27.41559030543257
8	76.0	0.0	49.0	1.0	25.0	1.0	24.0	61.871816465315675
9	66.0	0.0	24.0	1.0	20.0	1.0	21.0	21.51339576362942
10	74.0	0.0	54.0	0.0	24.0	1.0	21.0	47.084993282592166
60
587	233	220
10
1	97.0	1.0	64.0	1.0	62.0	1.0	10.0	209.60480395518024
2	87.0	0.0	26.0	1.0	23.0	1.0	12.0	20.13354823640875
3	87.0	1.0	85.0	1.0	45.0	1.0	10.0	230.88510821818332
4	60.0	0.0	49.0	1.0	27.0	1.0	10.0	59.35962876201263
5	63.0	0.0	23.0	1.0	20.0	1.0	12.0	17.915408448422355
6	93.0	1.0	79.0	1.0	71.0	1.0	12.0	354.5484386147114
7	77.0	0.0	77.0	0.0	32.0	1.0	16.0	203.2172186339866
8	35.0	1.0	35.0	1.0	32.0	1.0	9.0	26.479566492805226
9	99.0	0.0	94.0	0.0	46.0	1.0	22.0	356.3322290868386
10	98.0	0.0	64.0	0.0	29.0	1.0	10.0	118.98640724911803
61
587	233	220
10
1	93.0	0.0	79.0	0.0	21.0	1.0	10.0	91.56590569613887
2	100.0	0.0	57.0	0.0	21.0	1.0	14.0	61.29955933546377
3	80.0	1.0	63.0	1.0	61.0	1.0	13.0	272.0296224566268
4	96.0	1.0	79.0	1.0	49.0	1.0	17.0	180.4309048813224
5	87.0	1.0	76.0	1.0	53.0	1.0	10.0	225.67558670642737
6	96.0	0.0	59.0	1.0	31.0	1.0	9.0	116.09677506823408
7	99.0	1.0	73.0	1.0	71.0	1.0	11.0	266.52437745143976
8	85.0	1.0	66.0	1.0	51.0	1.0	8.0	144.88968369037752
9	77.0	0.0	42.0	1.0	28.0	1.0	18.0	96.37497618146737
10	86.0	0.0	70.0	0.0	34.0	1.0	9.0	80.01991809643197
62
587	233	220
10
1	98.0	0.0	93.0	0.0	41.0	1.0	14.0	209.1950081564505
2	50.0	0.0	45.0	1.0	25.0	1.0	21.0	40.781777453204036
3	83.0	0.0	37.0	1.0	36.0	1.0	19.0	81.72579366422372
4	93.0	0.0	35.0	1.0	31.0	1.0	19.0	49.61220520159522
5	86.0	1.0	55.0	1.0	46.0	1.0	14.0	103.81514160508053
6	28.0	1.0	23.0	1.0	22.0	1.0	24.0	11.317013681707076
7	99.0	0.0	61.0	1.0	48.0	1.0	24.0	198.65349325265635
8	98.0	0.0	43.0	1.0	42.0	1.0	24.0	78.57540587396278
9	98.0	0.0	86.0	0.0	27.0	1.0	10.0	109.29646704642099
10	93.0	0.0	68.0	0.0	22.0	1.0	20.0	107.2493076957894
63
587	233	220
10
1	84.0	1.0	76.0	1.0	51.0	1.0	14.0	160.15354893424293
2	92.0	1.0	90.0	1.0	67.0	1.0	17.0	413.7354589308142
3	83.0	1.0	59.0	1.0	48.0	1.0	15.0	75.94950753683071
4	35.0	1.0	26.0	1.0	23.0	1.0	11.0	7.315290329156601
5	88.0	0.0	64.0	0.0	29.0	1.0	11.0	81.15414883224632
6	91.0	0.0	48.0	1.0	31.0	1.0	11.0	71.39834701362113
7	71.0	0.0	58.0	0.0	25.0	1.0	12.0	57.43619045869706
8	78.0	1.0	65.0	1.0	60.0	1.0	15.0	164.5132130068784
9	90.0	0.0	59.0	1.0	45.0	1.0	12.0	144.3057295801551
10	37.0	1.0	32.0	1.0	22.0	1.0	10.0	12.439924659424534
64
587	233	220
10
1	97.0	0.0	58.0	0.0	20.0	1.0	25.0	95.90868940449748
2	82.0	0.0	22.0	1.0	21.0	1.0	19.0	28.885432372889706
3	58.0	0.0	42.0	1.0	22.0	1.0	15.0	32.92402607073085
4	44.0	0.0	22.0	1.0	21.0	1.0	19.0	12.234074715911847
5	95.0	1.0	82.0	1.0	60.0	1.0	14.0	210.1941900558486
6	79.0	1.0	69.0	1.0	47.0	1.0	21.0	104.64450489292693
7	58.0	1.0	42.0	1.0	36.0	1.0	14.0	33.30090064764724
8	70.0	0.0	64.0	0.0	22.0	1.0	17.0	55.41424635421666
9	99.0	1.0	76.0	1.0	67.0	1.0	18.0	178.2231760826156
10	54.0	1.0	38.0	1.0	29.0	1.0	23.0	27.245335008788864
65
587	233	220
10
1	96.0	0.0	87.0	1.0	48.0	1.0	10.0	250.83476795621507
2	80.0	0.0	76.0	0.0	37.0	1.0	5.0	90.22763502493834
3	55.0	1.0	50.0	1.0	30.0	1.0	21.0	34.65982884711108
4	62.0	1.0	61.0	1.0	45.0	1.0	16.0	130.13599136997425
5	99.0	0.0	50.0	0.0	25.0	1.0	15.0	44.062270837026425
6	90.0	1.0	88.0	1.0	52.0	1.0	14.0	210.44899248095714
7	97.0	0.0	58.0	1.0	33.0	1.0	11.0	151.82709085766265
8	80.0	1.0	65.0	1.0	46.0	1.0	18.0	167.12974826883598
9	92.0	1.0	83.0	1.0	75.0	1.0	9.0	305.72823963328193
10	75.0	0.0	58.0	0.0	27.0	1.0	8.0	68.03051153893003
66
587	233	220
10
1	79.0	0.0	61.0	1.0	37.0	1.0	13.0	180.29224836070628
2	91.0	0.0	79.0	1.0	42.0	1.0	10.0	131.93239212398035
3	100.0	0.0	65.0	0.0	21.0	1.0	5.0	98.5479787984471
4	83.0	0.0	54.0	1.0	41.0	1.0	7.0	90.96844101829822
5	80.0	1.0	69.0	1.0	53.0	1.0	12.0	157.52914573474763
6	99.0	1.0	94.0	1.0	88.0	1.0	8.0	928.5257527538491
7	83.0	0.0	63.0	0.0	28.0	1.0	11.0	87.84144554284329
8	75.0	0.0	68.0	0.0	34.0	1.0	13.0	80.39457574954025
9	100.0	1.0	71.0	1.0	71.0	1.0	15.0	258.51453300628486
10	53.0	1.0	45.0	1.0	43.0	1.0	10.0	67.71513004584303
67
587	233	220
10
1	89.0	1.0	75.0	1.0	46.0	1.0	19.0	204.995976353823
2	91.0	0.0	50.0	1.0	34.0	1.0	12.0	70.36980703743573
3	92.0	1.0	67.0	1.0	50.0	1.0	16.0	187.02658895672533
4	48.0	0.0	48.0	0.0	20.0	1.0	12.0	16.39074193171519
5	47.0	1.0	32.0	1.0	27.0	1.0	17.0	16.959892341290367
6	74.0	1.0	65.0	1.0	62.0	1.0	13.0	156.96324744588006
7	88.0	1.0	80.0	1.0	77.0	1.0	12.0	334.18955303668815
8	99.0	0.0	70.0	1.0	49.0	1.0	7.0	245.31037778348056
9	90.0	0.0	34.0	1.0	26.0	1.0	14.0	52.047587913601724
10	73.0	1.0	56.0	1.0	55.0	1.0	9.0	127.78418675124917
68
587	233	220
10
1	73.0	1.0	68.0	1.0	65.0	1.0	15.0	119.12394433767017
2	62.0	1.0	41.0	1.0	32.0	1.0	15.0	39.14164342535408
3	76.0	0.0	61.0	1.0	37.0	1.0	19.0	151.76916921845014
4	79.0	1.0	73.0	1.0	47.0	1.0	13.0	184.77903124758964
5	83.0	0.0	60.0	0.0	26.0	1.0	21.0	105.04601706411864
6	89.0	0.0	66.0	0.0	31.0	1.0	13.0	81.8947301297355
7	86.0	0.0	44.0	0.0	20.0	1.0	16.0	38.11965517258135
8	90.0	0.0	82.0	1.0	42.0	1.0	16.0	168.1380688380259
9	95.0	0.0	61.0	1.0	43.0	1.0	21.0	155.34707770867
10	70.0	0.0	39.0	1.0	27.0	1.0	9.0	33.62692096132319
69
587	233	220
10
1	85.0	1.0	77.0	1.0	71.0	1.0	15.0	174.3195300766355
2	90.0	0.0	53.0	1.0	32.0	1.0	18.0	85.96598033571951
3	77.0	1.0	74.0	1.0	43.0	1.0	17.0	147.3861837694767
4	95.0	0.0	34.0	1.0	31.0	1.0	16.0	64.54121001342814
5	95.0	0.0	81.0	1.0	45.0	1.0	12.0	203.81327778671957
6	82.0	0.0	65.0	1.0	36.0	1.0	12.0	131.7594063331848
7	70.0	1.0	42.0	1.0	36.0	1.0	20.0	46.1710686290644
8	73.0	1.0	62.0	1.0	49.0	1.0	8.0	124.25947531066662
9	98.0	0.0	86.0	0.0	23.0	1.0	15.0	143.36316129153954
10	88.0	0.0	52.0	0.0	21.0	1.0	14.0	64.81359414383073
70
587	233	220
10
1	98.0	0.0	83.0	0.0	35.0	1.0	14.0	93.77959239678253
2	99.0	0.0	72.0	0.0	34.0	1.0	13.0	160.09068267094702
3	81.0	1.0	72.0	1.0	67.0	1.0	13.0	216.91102870449902
4	86.0	0.0	39.0	1.0	30.0	1.0	14.0	37.05751683790928
5	81.0	1.0	80.0	1.0	46.0	1.0	9.0	213.96801635490093
6	48.0	1.0	29.0	1.0	27.0	1.0	11.0	16.206485699516826
7	81.0	0.0	61.0	0.0	26.0	1.0	17.0	100.10306410866532
8	71.0	0.0	35.0	1.0	32.0	1.0	12.0	68.86872835447306
9	93.0	0.0	91.0	0.0	21.0	1.0	13.0	108.27881642044099
10	97.0	1.0	77.0	1.0	75.0	1.0	14.0	258.67879703757166
71
587	233	220
10
1	68.0	1.0	67.0	1.0	63.0	1.0	8.0	201.02735419217933
2	90.0	1.0	83.0	1.0	65.0	1.0	7.0	272.2964205860807
3	97.0	1.0	78.0	1.0	60.0	1.0	10.0	236.31825863034885
4	99.0	0.0	62.0	1.0	46.0	1.0	4.0	181.26244910332352
5	96.0	0.0	66.0	0.0	21.0	1.0	8.0	73.9745905956623
6	95.0	1.0	88.0	1.0	80.0	1.0	11.0	546.9249267037209
7	88.0	0.0	49.0	1.0	36.0	1.0	9.0	90.77246188838363
8	93.0	0.0	91.0	0.0	26.0	1.0	9.0	106.98744915102813
9	96.0	1.0	92.0	1.0	90.0	1.0	8.0	391.54230438826335
10	43.0	1.0	39.0	1.0	29.0	1.0	10.0	27.712724594075073
72
587	233	220
10
1	85.0	0.0	41.0	1.0	32.0	1.0	15.0	60.91342763120015
2	51.0	0.0	38.0	1.0	25.0	1.0	22.0	36.85509049973598
3	44.0	0.0	40.0	0.0	20.0	1.0	23.0	12.432613397597674
4	87.0	0.0	42.0	1.0	22.0	1.0	18.0	41.18845303014641
5	93.0	1.0	82.0	1.0	51.0	1.0	22.0	196.24182079094945
6	41.0	0.0	27.0	1.0	20.0	1.0	17.0	12.577063333358169
7	81.0	1.0	80.0	1.0	50.0	1.0	14.0	130.89871594859338
8	62.0	1.0	58.0	1.0	49.0	1.0	16.0	71.3273143584447
9	94.0	1.0	80.0	1.0	59.0	1.0	16.0	183.94138891052978
10	69.0	0.0	66.0	0.0	25.0	1.0	13.0	67.2415577775486
73
587	233	220
10
1	99.0	1.0	72.0	1.0	68.0	1.0	8.0	197.84730919074553
2	51.0	0.0	24.0	1.0	21.0	1.0	10.0	13.398852667746914
3	96.0	1.0	52.0	1.0	49.0	1.0	11.0	156.53566125078433
4	99.0	1.0	86.0	1.0	64.0	1.0	11.0	459.0733522104928
5	97.0	0.0	84.0	0.0	25.0	1.0	18.0	99.88751672410362
6	99.0	1.0	79.0	1.0	75.0	1.0	7.0	408.014272172743
7	99.0	1.0	59.0	1.0	51.0	1.0	15.0	199.11336162953936
8	79.0	0.0	49.0	1.0	36.0	1.0	7.0	89.01569070801331
9	77.0	0.0	67.0	0.0	33.0	1.0	11.0	67.82622723148356
10	92.0	0.0	59.0	1.0	34.0	1.0	11.0	142.78207823378375
74
587	233	220
10
1	81.0	0.0	44.0	1.0	35.0	1.0	12.0	116.5084827799472
2	72.0	0.0	65.0	0.0	30.0	1.0	20.0	114.35652239116895
3	65.0	1.0	62.0	1.0	36.0	1.0	14.0	125.45509895445055
4	75.0	0.0	57.0	0.0	25.0	1.0	21.0	84.99444305839017
5	99.0	0.0	78.0	0.0	29.0	1.0	13.0	139.97897141372084
6	93.0	1.0	77.0	1.0	54.0	1.0	21.0	230.98739993307376
7	97.0	0.0	62.0	1.0	35.0	1.0	10.0	113.09156096155779
8	82.0	0.0	71.0	1.0	40.0	1.0	16.0	152.0687745657721
9	88.0	0.0	58.0	1.0	43.0	1.0	14.0	88.95036676735259
10	77.0	1.0	45.0	1.0	41.0	1.0	11.0	141.02838819177262
75
587	233	220
10
1	92.0	0.0	74.0	0.0	25.0	1.0	20.0	115.4695406662799
2	97.0	0.0	76.0	0.0	32.0	1.0	10.0	142.03709992707633
3	88.0	0.0	56.0	0.0	23.0	1.0	17.0	39.86256473732739
4	78.0	0.0	74.0	0.0	21.0	1.0	14.0	106.73499867986119
5	75.0	0.0	65.0	0.0	32.0	1.0	16.0	98.8392982895508
6	72.0	1.0	53.0	1.0	38.0	1.0	9.0	103.61123893154719
7	91.0	1.0	86.0	1.0	63.0	1.0	23.0	270.95542646505635
8	99.0	0.0	49.0	0.0	20.0	1.0	17.0	60.726027461950515
9	48.0	1.0	46.0	1.0	27.0	1.0	18.0	19.19106327212991
10	96.0	0.0	53.0	1.0	41.0	1.0	13.0	83.66291404477839
76
587	233	220
10
1	87.0	0.0	25.0	1.0	24.0	1.0	15.0	30.276893094876392
2	97.0	0.0	79.0	0.0	28.0	1.0	18.0	80.0323066749569
3	53.0	1.0	49.0	1.0	29.0	1.0	15.0	37.78150229458203
4	76.0	1.0	58.0	1.0	39.0	1.0	14.0	201.52040515686653
5	89.0	1.0	63.0	1.0	61.0	1.0	20.0	273.01791652316973
6	98.0	0.0	66.0	0.0	29.0	1.0	15.0	75.2350008072616
7	88.0	1.0	61.0	1.0	60.0	1.0	16.0	162.29780201068846
8	56.0	1.0	30.0	1.0	30.0	1.0	16.0	25.235870211326848
9	92.0	0.0	60.0	1.0	38.0	1.0	13.0	78.70214977266896
10	100.0	0.0	85.0	0.0	23.0	1.0	18.0	101.54775829537455
77
587	233	220
10
1	67.0	0.0	65.0	0.0	23.0	1.0	8.0	34.00365702771731
2	84.0	0.0	65.0	0.0	30.0	1.0	13.0	93.9829743865264
3	100.0	1.0	90.0	1.0	85.0	1.0	13.0	487.7386750558814
4	96.0	1.0	85.0	1.0	57.0	1.0	8.0	323.1920241528081
5	82.0	0.0	77.0	0.0	25.0	1.0	11.0	75.77595912364151
6	85.0	1.0	83.0	1.0	51.0	1.0	11.0	240.62739005657454
7	99.0	0.0	66.0	1.0	34.0	1.0	5.0	144.72895190559115
8	98.0	1.0	84.0	1.0	67.0	1.0	7.0	282.0674788260018
9	72.0	1.0	59.0	1.0	55.0	1.0	10.0	240.39574379461274
10	62.0	0.0	27.0	1.0	23.0	1.0	12.0	28.079886540426696
78
587	233	220
10
1	84.0	0.0	63.0	1.0	37.0	1.0	17.0	165.55625522823127
2	90.0	1.0	71.0	1.0	61.0	1.0	14.0	160.3242033261245
3	95.0	1.0	66.0	1.0	48.0	1.0	13.0	211.6679866975339
4	82.0	1.0	74.0	1.0	61.0	1.0	9.0	134.83689190084672
5	98.0	0.0	72.0	0.0	29.0	1.0	19.0	117.86686860153836
6	93.0	0.0	30.0	1.0	20.0	1.0	10.0	20.56862749087243
7	83.0	1.0	64.0	1.0	47.0	1.0	8.0	105.58269790755804
8	99.0	0.0	69.0	0.0	26.0	1.0	7.0	137.00538726498948
9	90.0	1.0	53.0	1.0	53.0	1.0	20.0	159.88364843717494
10	89.0	0.0	50.0	1.0	28.0	1.0	10.0	59.79122967791937
79
587	233	220
10
1	77.0	0.0	58.0	0.0	23.0	1.0	16.0	41.874233154348666
2	95.0	1.0	93.0	1.0	50.0	1.0	9.0	315.6400393758757
3	61.0	1.0	56.0	1.0	51.0	1.0	14.0	108.90703914655121
4	76.0	1.0	70.0	1.0	41.0	1.0	12.0	96.04216085244235
5	99.0	0.0	72.0	1.0	41.0	1.0	10.0	157.2233226668815
6	83.0	0.0	78.0	0.0	33.0	1.0	7.0	124.44307803734691
7	82.0	1.0	73.0	1.0	70.0	1.0	9.0	188.155542694148
8	98.0	1.0	90.0	1.0	65.0	1.0	7.0	421.0157481813773
9	73.0	1.0	69.0	1.0	58.0	1.0	17.0	278.1110967199388
10	87.0	0.0	55.0	1.0	36.0	1.0	12.0	114.54403800796217
80
587	233	220
10
1	89.0	0.0	72.0	0.0	23.0	1.0	19.0	90.15118909258535
2	100.0	0.0	94.0	0.0	32.0	1.0	13.0	142.48172516559853
3	52.0	0.0	21.0	1.0	20.0	1.0	12.0	14.557108225497574
4	69.0	1.0	50.0	1.0	46.0	1.0	17.0	103.86545937993
5	83.0	0.0	74.0	1.0	39.0	1.0	7.0	149.00496500439127
6	82.0	1.0	73.0	1.0	63.0	1.0	15.0	149.83461114712233
7	92.0	1.0	68.0	1.0	57.0	1.0	21.0	230.59485798266022
8	47.0	0.0	24.0	1.0	20.0	1.0	14.0	14.254707414511056
9	77.0	1.0	48.0	1.0	42.0	1.0	20.0	119.73281480779178
10	80.0	0.0	60.0	1.0	31.0	1.0	14.0	59.319459683270345
81
587	233	220
10
1	94.0	0.0	65.0	0.0	32.0	1.0	16.0	123.6032162618676
2	93.0	1.0	79.0	1.0	74.0	1.0	16.0	494.74887810815954
3	97.0	0.0	33.0	1.0	29.0	1.0	16.0	53.191824487594396
4	87.0	0.0	76.0	0.0	22.0	1.0	11.0	121.51588867875452
5	97.0	1.0	96.0	1.0	56.0	1.0	11.0	266.80629906969375
6	83.0	0.0	48.0	1.0	35.0	1.0	15.0	51.127990842532995
7	67.0	0.0	64.0	0.0	23.0	1.0	19.0	63.11347937899386
8	56.0	0.0	29.0	1.0	21.0	1.0	8.0	15.249184488276931
9	91.0	0.0	51.0	1.0	43.0	1.0	16.0	70.84177220377494
10	68.0	0.0	45.0	1.0	32.0	1.0	18.0	42.92666682374432
82
587	233	220
10
1	68.0	0.0	29.0	1.0	23.0	1.0	22.0	32.38466069833932
2	98.0	0.0	91.0	0.0	36.0	1.0	21.0	317.15530308078763
3	97.0	0.0	52.0	0.0	22.0	1.0	13.0	91.98185122551175
4	82.0	1.0	67.0	1.0	57.0	1.0	20.0	133.96120783014365
5	92.0	0.0	80.0	0.0	20.0	1.0	18.0	91.20098679127854
6	73.0	1.0	51.0	1.0	43.0	1.0	23.0	149.23104107149783
7	50.0	1.0	42.0	1.0	29.0	1.0	10.0	25.917186176136827
8	88.0	0.0	49.0	1.0	43.0	1.0	22.0	61.083791806405564
9	64.0	1.0	49.0	1.0	41.0	1.0	17.0	54.21132670627012
10	66.0	0.0	46.0	0.0	23.0	1.0	20.0	32.35773221944146
83
587	233	220
10
1	85.0	0.0	55.0	1.0	33.0	1.0	19.0	95.20037093905597
2	61.0	0.0	28.0	1.0	24.0	1.0	19.0	32.67820192544203
3	68.0	0.0	62.0	1.0	33.0	1.0	15.0	105.52538301789343
4	42.0	0.0	37.0	1.0	20.0	1.0	14.0	11.724243420492444
5	85.0	0.0	48.0	1.0	29.0	1.0	22.0	99.46211858331095
6	66.0	0.0	33.0	1.0	33.0	1.0	19.0	26.55944747048932
7	52.0	1.0	44.0	1.0	34.0	1.0	25.0	23.34838307539784
8	85.0	1.0	79.0	1.0	72.0	1.0	25.0	239.56363137780298
9	71.0	1.0	54.0	1.0	36.0	1.0	22.0	128.7917608253375
10	86.0	0.0	58.0	1.0	33.0	1.0	17.0	62.20622517163137
84
587	233	220
10
1	86.0	0.0	73.0	1.0	37.0	1.0	18.0	150.48988934974628
2	76.0	0.0	64.0	0.0	25.0	1.0	15.0	77.1476964734933
3	64.0	0.0	35.0	1.0	29.0	1.0	14.0	24.312778068071168
4	81.0	0.0	51.0	1.0	40.0	1.0	17.0	130.01754740148223
5	97.0	1.0	82.0	1.0	80.0	1.0	11.0	272.0557704480914
6	74.0	1.0	47.0	1.0	40.0	1.0	14.0	122.4099204488744
7	86.0	1.0	61.0	1.0	47.0	1.0	25.0	170.22138631673232
8	98.0	0.0	36.0	1.0	22.0	1.0	19.0	68.67618696703508
9	46.0	1.0	43.0	1.0	36.0	1.0	11.0	59.56155614918625
10	60.0	1.0	59.0	1.0	51.0	1.0	16.0	101.59144872391887
85
587	233	220
10
1	63.0	0.0	49.0	0.0	22.0	1.0	10.0	57.80428210312429
2	59.0	0.0	58.0	0.0	29.0	1.0	19.0	52.053340707315826
3	82.0	1.0	48.0	1.0	45.0	1.0	9.0	117.33933356055174
4	94.0	1.0	75.0	1.0	73.0	1.0	15.0	189.5072813419736
5	78.0	1.0	69.0	1.0	60.0	1.0	7.0	147.62370983880697
6	89.0	0.0	44.0	1.0	25.0	1.0	9.0	76.23655416388516
7	96.0	1.0	60.0	1.0	49.0	1.0	14.0	200.10895950202504
8	95.0	1.0	77.0	1.0	75.0	1.0	17.0	292.7262886377716
9	92.0	0.0	44.0	1.0	23.0	1.0	7.0	32.50610156944497
10	44.0	1.0	44.0	1.0	34.0	1.0	17.0	65.25617359169472
86
587	233	220
10
1	60.0	0.0	32.0	1.0	28.0	1.0	16.0	40.27039709126246
2	66.0	1.0	55.0	1.0	45.0	1.0	13.0	48.55235584008442
3	93.0	1.0	75.0	1.0	47.0	1.0	16.0	215.44857288914443
4	100.0	0.0	51.0	1.0	36.0	1.0	24.0	126.25538036227815
5	100.0	1.0	57.0	1.0	55.0	1.0	23.0	178.7838682783315
6	89.0	1.0	59.0	1.0	57.0	1.0	11.0	201.00693609278645
7	70.0	0.0	55.0	1.0	30.0	1.0	15.0	55.47327148089928
8	73.0	0.0	41.0	1.0	34.0	1.0	16.0	71.13200412204769
9	74.0	0.0	57.0	1.0	32.0	1.0	15.0	94.01915660211631
10	72.0	1.0	48.0	1.0	39.0	1.0	11.0	57.695817550182674
87
587	233	220
10
1	94.0	0.0	83.0	1.0	45.0	1.0	19.0	195.44164339203155
2	80.0	0.0	57.0	1.0	31.0	1.0	25.0	96.26911105078003
3	59.0	0.0	44.0	1.0	25.0	1.0	20.0	37.87154574740466
4	45.0	1.0	27.0	1.0	23.0	1.0	12.0	20.466791416774054
5	52.0	1.0	50.0	1.0	44.0	1.0	26.0	54.9973597223938
6	58.0	0.0	33.0	1.0	24.0	1.0	14.0	23.459749284149748
7	94.0	0.0	69.0	0.0	22.0	1.0	23.0	77.87032502847426
8	94.0	1.0	86.0	1.0	50.0	1.0	16.0	284.1448969986215
9	83.0	0.0	80.0	0.0	20.0	1.0	18.0	77.95506099765515
10	74.0	0.0	46.0	1.0	37.0	1.0	19.0	40.76366731765324
88
587	233	220
10
1	84.0	1.0	82.0	1.0	71.0	1.0	14.0	218.17556548509825
2	93.0	1.0	65.0	1.0	51.0	1.0	9.0	252.6043321697247
3	65.0	0.0	60.0	0.0	26.0	1.0	15.0	34.76126920063995
4	49.0	1.0	32.0	1.0	27.0	1.0	10.0	23.74796259824726
5	82.0	0.0	80.0	0.0	38.0	1.0	11.0	110.76994047284373
6	86.0	0.0	72.0	0.0	23.0	1.0	5.0	62.774369857917556
7	99.0	0.0	53.0	0.0	21.0	1.0	14.0	61.33922602705394
8	94.0	1.0	72.0	1.0	56.0	1.0	14.0	302.934078420322
9	74.0	0.0	52.0	1.0	33.0	1.0	11.0	79.16726365502156
10	83.0	1.0	83.0	1.0	49.0	1.0	20.0	153.94077159789364
89
587	233	220
10
1	88.0	0.0	42.0	1.0	26.0	1.0	20.0	45.456377399414684
2	96.0	0.0	87.0	0.0	36.0	1.0	19.0	192.93251462679694
3	87.0	0.0	84.0	0.0	28.0	1.0	16.0	134.47612059439908
4	95.0	0.0	84.0	1.0	43.0	1.0	21.0	185.88079084593844
5	99.0	0.0	92.0	0.0	38.0	1.0	11.0	157.75107575560918
6	70.0	0.0	30.0	1.0	28.0	1.0	14.0	31.058855891548028
7	98.0	0.0	61.0	1.0	31.0	1.0	17.0	74.97082622965634
8	67.0	0.0	50.0	1.0	27.0	1.0	13.0	59.3079229866097
9	50.0	1.0	32.0	1.0	28.0	1.0	24.0	25.243860685763842
10	97.0	0.0	69.0	0.0	20.0	1.0	14.0	75.69078292658497
90
587	233	220
10
1	55.0	0.0	44.0	1.0	27.0	1.0	9.0	28.301407065614196
2	69.0	1.0	62.0	1.0	43.0	1.0	20.0	87.26238107432646
3	75.0	1.0	68.0	1.0	44.0	1.0	16.0	92.34908801563698
4	95.0	0.0	52.0	1.0	44.0	1.0	16.0	129.08735933761437
5	100.0	0.0	63.0	1.0	32.0	1.0	11.0	200.8315686125099
6	96.0	0.0	94.0	0.0	32.0	1.0	16.0	127.35111732471047
7	86.0	0.0	54.0	0.0	22.0	1.0	14.0	84.51603985032732
8	84.0	1.0	67.0	1.0	62.0	1.0	19.0	268.36049768266184
9	63.0	1.0	59.0	1.0	43.0	1.0	21.0	59.869684604393484
10	44.0	1.0	33.0	1.0	31.0	1.0	9.0	34.19835677521606
91
587	233	220
10
1	85.0	0.0	29.0	1.0	25.0	1.0	22.0	27.162983424217707
2	78.0	1.0	71.0	1.0	70.0	1.0	22.0	295.19395979397035
3	70.0	0.0	29.0	1.0	23.0	1.0	26.0	22.180264480781165
4	75.0	0.0	34.0	1.0	20.0	1.0	27.0	32.96348963863938
5	69.0	1.0	58.0	1.0	44.0	1.0	15.0	116.92755258623366
6	81.0	0.0	56.0	1.0	36.0	1.0	27.0	88.34164423477927
7	90.0	0.0	48.0	1.0	28.0	1.0	15.0	88.55625232434582
8	76.0	0.0	69.0	0.0	30.0	1.0	23.0	102.5283390762919
9	86.0	0.0	42.0	1.0	33.0	1.0	19.0	104.6103391179543
10	86.0	0.0	56.0	1.0	35.0	1.0	17.0	84.55736655666303
92
587	233	220
10
1	98.0	0.0	60.0	0.0	25.0	1.0	31.0	83.33368229023748
2	80.0	0.0	46.0	1.0	34.0	1.0	31.0	51.8128468574641
3	50.0	1.0	46.0	1.0	33.0	1.0	22.0	52.659589920054174
4	88.0	0.0	83.0	0.0	32.0	1.0	20.0	148.9622644312881
5	75.0	0.0	29.0	1.0	28.0	1.0	22.0	22.979599688009053
6	97.0	0.0	24.0	1.0	21.0	1.0	29.0	19.0158284332002
7	79.0	0.0	72.0	1.0	38.0	1.0	24.0	181.4518546814908
8	78.0	1.0	52.0	1.0	44.0	1.0	20.0	90.41702439006845
9	54.0	1.0	41.0	1.0	38.0	1.0	22.0	49.77745186166093
10	71.0	0.0	35.0	1.0	29.0	1.0	25.0	82.42643281810345
93
587	233	220
10
1	89.0	1.0	62.0	1.0	51.0	1.0	13.0	164.49349390306574
2	96.0	1.0	82.0	1.0	51.0	1.0	11.0	176.99915575710597
3	94.0	0.0	37.0	1.0	27.0	1.0	7.0	89.86056144669226
4	93.0	1.0	85.0	1.0	57.0	1.0	15.0	305.68312195843697
5	63.0	0.0	61.0	1.0	31.0	1.0	12.0	64.76406090094441
6	99.0	1.0	73.0	1.0	61.0	1.0	13.0	205.30984516251544
7	88.0	0.0	37.0	1.0	22.0	1.0	14.0	37.02988802378871
8	93.0	1.0	87.0	1.0	86.0	1.0	7.0	441.0761449881421
9	98.0	0.0	33.0	1.0	25.0	1.0	14.0	41.62550210037985
10	46.0	1.0	28.0	1.0	26.0	1.0	6.0	25.861335156404454
94
587	233	220
10
1	62.0	1.0	42.0	1.0	33.0	1.0	11.0	34.21201087206641
2	95.0	1.0	90.0	1.0	58.0	1.0	8.0	336.92307192579307
3	55.0	1.0	53.0	1.0	47.0	1.0	11.0	89.83658564553538
4	94.0	1.0	75.0	1.0	72.0	1.0	14.0	229.35540521648105
5	68.0	0.0	35.0	1.0	34.0	1.0	9.0	66.2552047721517
6	46.0	1.0	39.0	1.0	24.0	1.0	14.0	13.911873581855032
7	93.0	0.0	51.0	1.0	34.0	1.0	16.0	67.10458187272155
8	58.0	1.0	58.0	1.0	43.0	1.0	16.0	61.09037780561703
9	99.0	1.0	77.0	1.0	71.0	1.0	9.0	296.76684293775094
10	68.0	1.0	61.0	1.0	60.0	1.0	20.0	126.3192729137662
95
587	233	220
10
1	50.0	0.0	43.0	1.0	22.0	1.0	41.0	28.590235041149235
2	64.0	0.0	37.0	1.0	22.0	1.0	30.0	35.34155079698087
3	81.0	0.0	50.0	0.0	21.0	1.0	30.0	31.774356994646737
4	42.0	1.0	33.0	1.0	32.0	1.0	36.0	28.241578629760166
5	81.0	1.0	60.0	1.0	51.0	1.0	41.0	182.71967919696695
6	55.0	0.0	41.0	1.0	27.0	1.0	35.0	41.60765977934519
7	46.0	1.0	37.0	1.0	34.0	1.0	32.0	29.412192458124874
8	60.0	0.0	53.0	0.0	20.0	1.0	32.0	38.72803144311846
9	79.0	0.0	59.0	0.0	27.0	1.0	31.0	71.34160663435553
10	67.0	0.0	61.0	0.0	26.0	1.0	22.0	64.71366191336976
96
587	233	220
10
1	94.0	0.0	83.0	0.0	25.0	1.0	16.0	118.46646245486833
2	96.0	0.0	58.0	1.0	32.0	1.0	14.0	110.58601305463588
3	99.0	1.0	63.0	1.0	52.0	1.0	16.0	175.91388882896774
4	83.0	1.0	51.0	1.0	49.0	1.0	20.0	116.65412455321359
5	85.0	0.0	32.0	1.0	28.0	1.0	18.0	42.98545618087972
6	56.0	0.0	49.0	0.0	24.0	1.0	12.0	35.584643717080944
7	44.0	1.0	37.0	1.0	37.0	1.0	14.0	39.02368836632152
8	91.0	0.0	65.0	1.0	33.0	1.0	15.0	89.19439027379116
9	97.0	1.0	80.0	1.0	52.0	1.0	20.0	129.22813072398085
10	51.0	1.0	35.0	1.0	34.0	1.0	18.0	42.48675973420923
97
587	233	220
10
1	99.0	0.0	42.0	1.0	24.0	1.0	17.0	45.20113779795023
2	74.0	1.0	46.0	1.0	41.0	1.0	11.0	88.38765518457096
3	48.0	0.0	38.0	1.0	22.0	1.0	15.0	23.27474588396922
4	92.0	1.0	71.0	1.0	50.0	1.0	18.0	128.153065372191
5	83.0	1.0	74.0	1.0	60.0	1.0	15.0	306.10414904234517
6	88.0	0.0	83.0	1.0	44.0	1.0	13.0	178.14442792300378
7	63.0	1.0	60.0	1.0	52.0	1.0	12.0	78.96269612797907
8	68.0	1.0	55.0	1.0	44.0	1.0	15.0	61.277232869454664
9	75.0	0.0	48.0	1.0	34.0	1.0	15.0	39.043673967160125
10	96.0	0.0	59.0	1.0	42.0	1.0	16.0	143.74227131109478
98
587	233	220
10
1	81.0	1.0	69.0	1.0	55.0	1.0	9.0	253.4289429351314
2	100.0	1.0	81.0	1.0	73.0	1.0	4.0	386.9840956887792
3	97.0	0.0	94.0	0.0	43.0	1.0	5.0	253.31261766977676
4	82.0	0.0	63.0	1.0	41.0	1.0	6.0	131.81281884725223
5	73.0	0.0	58.0	0.0	27.0	1.0	6.0	60.01604149298934
6	69.0	0.0	55.0	1.0	28.0	1.0	10.0	86.8282088236866
7	81.0	1.0	55.0	1.0	50.0	1.0	6.0	103.11416881068833
8	88.0	0.0	49.0	1.0	31.0	1.0	11.0	137.12712459831172
9	99.0	1.0	94.0	1.0	94.0	1.0	14.0	699.1828420596642
10	87.0	1.0	73.0	1.0	65.0	1.0	10.0	246.81237995990588
99
587	233	220
10
1	98.0	1.0	88.0	1.0	82.0	1.0	14.0	408.73119352530017
2	91.0	0.0	62.0	0.0	26.0	1.0	16.0	116.63467813274666
3	79.0	0.0	59.0	0.0	21.0	1.0	20.0	57.73262001284944
4	94.0	0.0	59.0	1.0	38.0	1.0	14.0	141.6130588540647
5	69.0	1.0	64.0	1.0	40.0	1.0	16.0	127.8629438758816
6	58.0	1.0	56.0	1.0	56.0	1.0	19.0	107.52001590488237
7	38.0	1.0	28.0	1.0	25.0	1.0	21.0	13.513262759680615
8	71.0	0.0	64.0	0.0	28.0	1.0	17.0	61.688421817446894
9	70.0	0.0	40.0	1.0	23.0	1.0	14.0	54.212951136558
10	90.0	0.0	73.0	1.0	37.0	1.0	12.0	244.17659746160246
100
587	233	220
10
1	64.0	0.0	59.0	0.0	20.0	1.0	13.0	49.653846005698874
2	73.0	0.0	27.0	1.0	21.0	1.0	12.0	18.951334253502832
3	90.0	0.0	83.0	0.0	35.0	1.0	16.0	185.46940029397612
4	96.0	1.0	90.0	1.0	61.0	1.0	13.0	330.2760883258574
5	55.0	1.0	54.0	1.0	36.0	1.0	13.0	71.13132591607503
6	94.0	0.0	27.0	1.0	21.0	1.0	14.0	30.239656690930115
7	96.0	1.0	89.0	1.0	88.0	1.0	13.0	577.6154612576166
8	92.0	0.0	46.0	1.0	32.0	1.0	13.0	71.94058922318098
9	93.0	0.0	70.0	0.0	33.0	1.0	8.0	128.2695177934012
10	67.0	1.0	57.0	1.0	51.0	1.0	10.0	152.7997462315702
