1
587	233	220
12
1	94.0	1.0	64.0	1.0	58.0	1.0	18.0	243.42184675645035
2	82.0	0.0	46.0	1.0	25.0	1.0	12.0	58.4012885738507
3	88.0	0.0	35.0	1.0	22.0	1.0	10.0	41.1369232333447
4	72.0	1.0	68.0	1.0	37.0	1.0	10.0	110.32173120675986
5	97.0	1.0	90.0	1.0	88.0	1.0	14.0	687.8074230049772
6	72.0	0.0	64.0	0.0	32.0	1.0	12.0	72.0274477100961
7	75.0	0.0	38.0	1.0	24.0	1.0	8.0	38.50666315836367
8	79.0	0.0	69.0	1.0	39.0	1.0	11.0	136.84958870570023
9	98.0	0.0	62.0	1.0	36.0	1.0	7.0	166.10397778093798
10	73.0	1.0	41.0	1.0	39.0	1.0	6.0	90.03329510565152
11	78.0	1.0	51.0	1.0	50.0	1.0	9.0	76.68327933079968
12	73.0	0.0	32.0	1.0	20.0	1.0	16.0	31.21540071629927
2
587	233	220
12
1	98.0	0.0	68.0	1.0	38.0	1.0	11.0	232.79899914884538
2	80.0	0.0	79.0	0.0	38.0	1.0	8.0	141.86941769277934
3	100.0	1.0	87.0	1.0	60.0	1.0	20.0	350.5721814254887
4	50.0	1.0	37.0	1.0	29.0	1.0	6.0	38.23496265363413
5	61.0	1.0	57.0	1.0	50.0	1.0	14.0	141.14031400094422
6	25.0	1.0	24.0	1.0	23.0	1.0	11.0	11.794198746423875
7	64.0	0.0	27.0	1.0	22.0	1.0	13.0	14.401231926943892
8	95.0	0.0	92.0	1.0	47.0	1.0	14.0	144.5869828552877
9	62.0	0.0	60.0	1.0	31.0	1.0	9.0	48.8209404896087
10	70.0	0.0	32.0	1.0	22.0	1.0	14.0	32.05748244282993
11	100.0	0.0	33.0	1.0	22.0	1.0	12.0	29.540685049693657
12	97.0	0.0	85.0	0.0	32.0	1.0	12.0	146.61775923411037
3
587	233	220
12
1	76.0	1.0	63.0	1.0	43.0	1.0	11.0	89.70061733457936
2	95.0	1.0	84.0	1.0	84.0	1.0	12.0	299.43000009609284
3	83.0	0.0	39.0	1.0	35.0	1.0	12.0	45.98030456372131
4	80.0	1.0	74.0	1.0	66.0	1.0	9.0	243.13861457434768
5	97.0	0.0	35.0	1.0	31.0	1.0	5.0	63.1690043846795
6	91.0	1.0	84.0	1.0	81.0	1.0	6.0	241.72616922614975
7	66.0	0.0	47.0	1.0	29.0	1.0	11.0	59.877429667414695
8	52.0	1.0	45.0	1.0	30.0	1.0	8.0	44.819674826446104
9	85.0	0.0	52.0	0.0	21.0	1.0	12.0	36.85448452330589
10	83.0	1.0	83.0	1.0	80.0	1.0	5.0	397.50971832467036
11	42.0	1.0	31.0	1.0	24.0	1.0	13.0	24.589081272088695
12	82.0	1.0	78.0	1.0	49.0	1.0	15.0	140.50097174972686
4
587	233	220
12
1	73.0	0.0	31.0	1.0	20.0	1.0	9.0	34.644937717048926
2	48.0	0.0	32.0	1.0	22.0	1.0	14.0	21.83324279053132
3	98.0	0.0	55.0	0.0	22.0	1.0	15.0	47.878004837427525
4	88.0	1.0	84.0	1.0	73.0	1.0	7.0	214.6792335391224
5	61.0	0.0	46.0	0.0	20.0	1.0	9.0	21.81394486222864
6	84.0	0.0	76.0	0.0	38.0	1.0	9.0	137.2962043677242
7	57.0	0.0	34.0	1.0	21.0	1.0	6.0	19.22355467942222
8	78.0	1.0	69.0	1.0	59.0	1.0	11.0	262.8485945848388
9	100.0	0.0	62.0	1.0	32.0	1.0	10.0	175.12998012247235
10	93.0	1.0	90.0	1.0	59.0	1.0	16.0	412.2250240435014
11	89.0	0.0	60.0	1.0	44.0	1.0	17.0	137.51384633756726
12	88.0	1.0	57.0	1.0	54.0	1.0	12.0	174.11412121113142
5
587	233	220
12
1	76.0	0.0	33.0	1.0	32.0	1.0	24.0	34.87560176421682
2	84.0	0.0	45.0	1.0	36.0	1.0	17.0	56.42105733939269
3	48.0	1.0	31.0	1.0	27.0	1.0	16.0	23.30071328877428
4	80.0	0.0	44.0	0.0	20.0	1.0	16.0	25.72144237034399
5	53.0	1.0	49.0	1.0	41.0	1.0	19.0	42.84483958501224
6	79.0	0.0	51.0	0.0	20.0	1.0	18.0	39.64072063290045
7	62.0	0.0	52.0	0.0	25.0	1.0	19.0	35.29809078053247
8	77.0	0.0	30.0	1.0	20.0	1.0	12.0	37.3073493262547
9	67.0	0.0	34.0	1.0	24.0	1.0	23.0	19.251962151996334
10	82.0	1.0	72.0	1.0	48.0	1.0	21.0	231.8758745190703
11	94.0	1.0	75.0	1.0	53.0	1.0	25.0	177.2498793939734
12	65.0	1.0	36.0	1.0	33.0	1.0	24.0	65.00879081241287
6
587	233	220
12
1	76.0	1.0	74.0	1.0	44.0	1.0	12.0	128.70817865271613
2	96.0	1.0	78.0	1.0	61.0	1.0	10.0	306.7739734099163
3	93.0	0.0	79.0	0.0	31.0	1.0	5.0	108.76419060084321
4	79.0	1.0	76.0	1.0	42.0	1.0	17.0	104.93955328874571
5	74.0	1.0	49.0	1.0	46.0	1.0	10.0	86.90825265096282
6	70.0	0.0	47.0	1.0	29.0	1.0	13.0	45.131877558293496
7	80.0	1.0	54.0	1.0	45.0	1.0	10.0	108.17027898753582
8	91.0	1.0	77.0	1.0	60.0	1.0	14.0	228.84352628057033
9	69.0	1.0	44.0	1.0	35.0	1.0	14.0	53.57103059494222
10	99.0	0.0	48.0	1.0	27.0	1.0	9.0	43.98517536755233
11	95.0	0.0	21.0	1.0	20.0	1.0	13.0	18.130455734706718
12	88.0	1.0	80.0	1.0	57.0	1.0	8.0	162.96963634376544
7
587	233	220
12
1	75.0	1.0	75.0	1.0	73.0	1.0	10.0	196.19678713001633
2	34.0	1.0	26.0	1.0	20.0	1.0	4.0	8.453662585234044
3	97.0	1.0	77.0	1.0	68.0	1.0	5.0	482.0198939735462
4	95.0	0.0	60.0	0.0	20.0	1.0	9.0	70.40784586776084
5	88.0	1.0	82.0	1.0	57.0	1.0	9.0	294.48882661402024
6	79.0	1.0	40.0	1.0	40.0	1.0	8.0	50.2115195187637
7	94.0	0.0	61.0	1.0	46.0	1.0	7.0	158.0383781639732
8	81.0	1.0	70.0	1.0	56.0	1.0	19.0	176.5339942739952
9	78.0	1.0	56.0	1.0	41.0	1.0	6.0	79.14834096810924
10	94.0	0.0	65.0	1.0	37.0	1.0	9.0	139.32248126681353
11	100.0	1.0	59.0	1.0	55.0	1.0	8.0	184.01374655559212
12	100.0	1.0	71.0	1.0	66.0	1.0	8.0	221.75559070815993
8
587	233	220
12
1	70.0	1.0	66.0	1.0	56.0	1.0	10.0	92.61127259303699
2	66.0	0.0	43.0	1.0	29.0	1.0	15.0	50.58390483875747
3	100.0	0.0	86.0	0.0	43.0	1.0	6.0	273.3964413674732
4	92.0	0.0	88.0	0.0	38.0	1.0	9.0	232.53005982409195
5	90.0	1.0	73.0	1.0	53.0	1.0	12.0	237.36111436108482
6	48.0	1.0	46.0	1.0	40.0	1.0	10.0	66.6414623146606
7	97.0	0.0	79.0	0.0	38.0	1.0	10.0	325.2200628551265
8	69.0	1.0	66.0	1.0	39.0	1.0	9.0	101.1623410037342
9	97.0	1.0	79.0	1.0	72.0	1.0	13.0	348.61610179314863
10	70.0	1.0	40.0	1.0	36.0	1.0	11.0	107.51651546830674
11	83.0	1.0	54.0	1.0	46.0	1.0	13.0	76.44427810507526
12	59.0	1.0	36.0	1.0	31.0	1.0	11.0	41.32368261124534
9
587	233	220
12
1	94.0	0.0	72.0	0.0	31.0	1.0	13.0	133.6463217891219
2	97.0	0.0	65.0	0.0	24.0	1.0	13.0	79.22815833218753
3	51.0	1.0	42.0	1.0	40.0	1.0	12.0	33.73651640984445
4	53.0	0.0	23.0	1.0	21.0	1.0	16.0	11.21999722233445
5	87.0	1.0	63.0	1.0	50.0	1.0	16.0	231.55433235501903
6	63.0	0.0	35.0	1.0	31.0	1.0	21.0	56.426974755824126
7	41.0	1.0	25.0	1.0	21.0	1.0	16.0	14.730816932382634
8	97.0	0.0	96.0	0.0	34.0	1.0	16.0	151.84720683866698
9	93.0	1.0	90.0	1.0	57.0	1.0	19.0	283.63772986401153
10	73.0	0.0	48.0	1.0	33.0	1.0	18.0	52.673576724666006
11	48.0	1.0	30.0	1.0	26.0	1.0	21.0	18.86634379605411
12	51.0	0.0	42.0	1.0	24.0	1.0	12.0	32.61454393414433
10
587	233	220
12
1	57.0	0.0	52.0	1.0	28.0	1.0	7.0	65.99585005470075
2	80.0	0.0	49.0	0.0	22.0	1.0	9.0	47.147267220843574
3	87.0	0.0	73.0	1.0	42.0	1.0	14.0	203.71486563581846
4	40.0	1.0	37.0	1.0	26.0	1.0	10.0	12.925347644736341
5	92.0	1.0	84.0	1.0	56.0	1.0	10.0	304.6589654573618
6	99.0	1.0	99.0	1.0	51.0	1.0	14.0	172.72801033126717
7	71.0	1.0	70.0	1.0	60.0	1.0	10.0	165.72095034734448
8	77.0	0.0	49.0	1.0	31.0	1.0	6.0	50.35058897157545
9	85.0	0.0	53.0	0.0	21.0	1.0	11.0	62.61420397084654
10	63.0	1.0	58.0	1.0	44.0	1.0	9.0	88.27233146370664
11	75.0	1.0	61.0	1.0	57.0	1.0	13.0	140.89956302458404
12	72.0	1.0	71.0	1.0	69.0	1.0	10.0	321.88448436448755
11
587	233	220
12
1	99.0	1.0	97.0	1.0	65.0	1.0	11.0	572.1940343291752
2	92.0	1.0	82.0	1.0	50.0	1.0	4.0	273.1400810595043
3	70.0	0.0	40.0	1.0	33.0	1.0	10.0	71.40417885773425
4	75.0	0.0	40.0	1.0	34.0	1.0	7.0	77.0080783203618
5	86.0	1.0	76.0	1.0	56.0	1.0	11.0	268.6557383528186
6	96.0	1.0	68.0	1.0	54.0	1.0	8.0	139.67276808323007
7	88.0	1.0	59.0	1.0	45.0	1.0	9.0	172.43038361772057
8	85.0	1.0	63.0	1.0	50.0	1.0	11.0	121.1600183377132
9	65.0	1.0	49.0	1.0	49.0	1.0	8.0	96.52192969938837
10	60.0	1.0	40.0	1.0	34.0	1.0	9.0	42.98889827492093
11	64.0	1.0	54.0	1.0	46.0	1.0	13.0	130.87123856877506
12	99.0	1.0	87.0	1.0	55.0	1.0	8.0	227.1982485093139
12
587	233	220
12
1	87.0	0.0	44.0	1.0	41.0	1.0	10.0	53.000546366497474
2	61.0	0.0	53.0	1.0	28.0	1.0	9.0	64.41665490186965
3	93.0	0.0	45.0	1.0	41.0	1.0	10.0	83.06648242101558
4	87.0	0.0	68.0	0.0	33.0	1.0	9.0	158.46867916896852
5	72.0	1.0	54.0	1.0	42.0	1.0	10.0	68.68768767285935
6	98.0	1.0	92.0	1.0	62.0	1.0	6.0	187.7918632901957
7	90.0	0.0	89.0	0.0	28.0	1.0	9.0	122.39894774235614
8	94.0	1.0	80.0	1.0	51.0	1.0	11.0	264.1298671701471
9	90.0	1.0	86.0	1.0	77.0	1.0	13.0	301.00368829010966
10	70.0	0.0	33.0	1.0	29.0	1.0	17.0	27.92880062349712
11	98.0	0.0	64.0	1.0	43.0	1.0	9.0	171.10080995417403
12	88.0	0.0	42.0	1.0	32.0	1.0	11.0	67.390376278292
13
587	233	220
12
1	85.0	1.0	85.0	1.0	44.0	1.0	5.0	223.35658450668893
2	81.0	1.0	81.0	1.0	48.0	1.0	7.0	186.98426409655423
3	94.0	0.0	53.0	0.0	23.0	1.0	9.0	57.77016384390964
4	63.0	0.0	31.0	1.0	20.0	1.0	18.0	15.138983102648938
5	71.0	0.0	52.0	1.0	35.0	1.0	14.0	76.15383297705323
6	68.0	1.0	45.0	1.0	44.0	1.0	11.0	70.86897526912028
7	94.0	1.0	83.0	1.0	70.0	1.0	13.0	256.4643333112301
8	93.0	0.0	60.0	0.0	25.0	1.0	10.0	68.61746423701062
9	96.0	0.0	55.0	1.0	45.0	1.0	15.0	114.60915712894018
10	72.0	0.0	61.0	0.0	24.0	1.0	12.0	79.54359779053131
11	78.0	0.0	68.0	0.0	32.0	1.0	9.0	97.58911314130546
12	100.0	1.0	97.0	1.0	60.0	1.0	11.0	310.80490250715366
14
587	233	220
12
1	82.0	0.0	39.0	1.0	32.0	1.0	10.0	70.5117489335301
2	91.0	0.0	47.0	1.0	25.0	1.0	13.0	43.11507733007208
3	75.0	0.0	62.0	0.0	29.0	1.0	9.0	129.9986638836486
4	86.0	1.0	64.0	1.0	61.0	1.0	13.0	122.3144414921592
5	71.0	1.0	69.0	1.0	59.0	1.0	6.0	174.70469494837263
6	88.0	0.0	69.0	1.0	40.0	1.0	12.0	146.87607574289532
7	76.0	1.0	70.0	1.0	62.0	1.0	16.0	163.81076300529588
8	89.0	0.0	77.0	0.0	33.0	1.0	6.0	80.04575410748124
9	95.0	0.0	69.0	0.0	27.0	1.0	9.0	88.78680508407263
10	75.0	0.0	50.0	1.0	35.0	1.0	11.0	54.95030482628082
11	70.0	0.0	53.0	0.0	20.0	1.0	11.0	45.11008145457321
12	83.0	1.0	75.0	1.0	72.0	1.0	15.0	316.96748567666975
15
587	233	220
12
1	88.0	1.0	76.0	1.0	60.0	1.0	6.0	204.03585560332613
2	100.0	1.0	76.0	1.0	60.0	1.0	11.0	291.3923975873384
3	68.0	0.0	36.0	1.0	30.0	1.0	12.0	37.04048453776501
4	65.0	1.0	45.0	1.0	42.0	1.0	8.0	62.99905751461911
5	88.0	0.0	77.0	1.0	43.0	1.0	16.0	218.01914311738048
6	90.0	1.0	78.0	1.0	58.0	1.0	6.0	227.2772121657053
7	97.0	0.0	56.0	1.0	29.0	1.0	14.0	74.80117849089005
8	100.0	1.0	86.0	1.0	75.0	1.0	9.0	231.0513150448378
9	59.0	0.0	25.0	1.0	20.0	1.0	11.0	18.24546816383144
10	49.0	1.0	40.0	1.0	29.0	1.0	4.0	31.88964285529167
11	86.0	1.0	67.0	1.0	49.0	1.0	11.0	241.57412961810354
12	93.0	0.0	86.0	0.0	31.0	1.0	8.0	143.92313623468874
16
587	233	220
12
1	70.0	0.0	41.0	1.0	23.0	1.0	10.0	21.174155664401933
2	73.0	0.0	51.0	1.0	28.0	1.0	13.0	53.88705037947484
3	42.0	1.0	31.0	1.0	29.0	1.0	13.0	21.974999004327763
4	56.0	1.0	52.0	1.0	45.0	1.0	4.0	83.70616150717484
5	64.0	1.0	53.0	1.0	39.0	1.0	10.0	92.65153917779053
6	86.0	0.0	38.0	1.0	34.0	1.0	10.0	47.641029137165134
7	65.0	0.0	46.0	0.0	21.0	1.0	6.0	60.20345314832459
8	100.0	1.0	62.0	1.0	60.0	1.0	11.0	188.63411835868237
9	100.0	1.0	97.0	1.0	85.0	1.0	15.0	411.74499921962945
10	82.0	1.0	80.0	1.0	67.0	1.0	13.0	320.88913524839325
11	54.0	0.0	39.0	1.0	25.0	1.0	7.0	37.875584933739184
12	76.0	0.0	50.0	1.0	32.0	1.0	13.0	111.99422968037534
17
587	233	220
12
1	65.0	1.0	57.0	1.0	34.0	1.0	20.0	54.229389181674186
2	74.0	1.0	41.0	1.0	39.0	1.0	12.0	58.229282783397885
3	87.0	0.0	85.0	0.0	41.0	1.0	14.0	163.9651203997929
4	72.0	0.0	67.0	0.0	25.0	1.0	18.0	67.4590540820528
5	63.0	1.0	51.0	1.0	44.0	1.0	20.0	69.60250946265289
6	98.0	0.0	59.0	1.0	39.0	1.0	20.0	112.43617494465362
7	64.0	1.0	33.0	1.0	33.0	1.0	23.0	52.53168062699375
8	88.0	0.0	32.0	1.0	31.0	1.0	18.0	54.020229545770185
9	60.0	0.0	24.0	1.0	22.0	1.0	18.0	29.7360441672299
10	87.0	0.0	46.0	1.0	29.0	1.0	29.0	54.74052838727623
11	60.0	1.0	51.0	1.0	50.0	1.0	24.0	87.83659383638603
12	59.0	0.0	56.0	0.0	24.0	1.0	18.0	42.17782914088551
18
587	233	220
12
1	99.0	0.0	91.0	0.0	43.0	1.0	9.0	249.6000797497081
2	82.0	0.0	49.0	0.0	23.0	1.0	8.0	34.72467318439106
3	93.0	0.0	48.0	1.0	32.0	1.0	7.0	81.71641807691687
4	94.0	0.0	79.0	1.0	43.0	1.0	6.0	158.73938725035168
5	85.0	0.0	54.0	1.0	36.0	1.0	7.0	120.64022064999875
6	67.0	1.0	54.0	1.0	43.0	1.0	4.0	118.13126839955696
7	97.0	0.0	90.0	1.0	48.0	1.0	12.0	189.1448225772589
8	86.0	1.0	78.0	1.0	49.0	1.0	5.0	247.88392671060916
9	95.0	1.0	89.0	1.0	65.0	1.0	9.0	322.3620510448487
10	95.0	0.0	35.0	1.0	33.0	1.0	8.0	64.75082609920706
11	95.0	0.0	86.0	1.0	44.0	1.0	13.0	286.9720040750727
12	100.0	1.0	75.0	1.0	56.0	1.0	9.0	180.8904548914359
19
587	233	220
12
1	65.0	1.0	45.0	1.0	34.0	1.0	13.0	50.475573676644835
2	88.0	0.0	87.0	0.0	22.0	1.0	15.0	109.77975051496377
3	99.0	1.0	96.0	1.0	72.0	1.0	9.0	417.4545088811775
4	54.0	1.0	52.0	1.0	30.0	1.0	7.0	62.30700037047175
5	85.0	0.0	48.0	1.0	28.0	1.0	17.0	86.2972381008098
6	87.0	0.0	45.0	1.0	29.0	1.0	7.0	114.50324305516364
7	97.0	1.0	67.0	1.0	51.0	1.0	17.0	223.98250801107935
8	76.0	1.0	51.0	1.0	41.0	1.0	11.0	67.9439125540639
9	96.0	0.0	60.0	1.0	42.0	1.0	8.0	101.63984941515264
10	70.0	0.0	57.0	0.0	23.0	1.0	8.0	46.431625733281386
11	97.0	1.0	77.0	1.0	59.0	1.0	13.0	203.39743288075746
12	77.0	0.0	39.0	1.0	28.0	1.0	11.0	41.22732847155793
20
587	233	220
12
1	87.0	1.0	71.0	1.0	51.0	1.0	14.0	156.1681795681597
2	61.0	1.0	51.0	1.0	37.0	1.0	8.0	101.19556126393361
3	96.0	1.0	81.0	1.0	65.0	1.0	10.0	303.1959856510957
4	70.0	0.0	31.0	1.0	28.0	1.0	9.0	51.25944773624181
5	80.0	1.0	73.0	1.0	68.0	1.0	6.0	289.30750665011874
6	99.0	0.0	57.0	0.0	23.0	1.0	13.0	94.66042410032905
7	80.0	0.0	49.0	1.0	35.0	1.0	7.0	84.44208286403165
8	76.0	0.0	39.0	1.0	37.0	1.0	14.0	86.55881262108147
9	89.0	0.0	78.0	0.0	36.0	1.0	10.0	178.2993385565801
10	94.0	0.0	83.0	0.0	23.0	1.0	9.0	92.8796081435169
11	82.0	1.0	79.0	1.0	72.0	1.0	11.0	247.33205372064066
12	92.0	1.0	92.0	1.0	51.0	1.0	7.0	192.82963652513126
21
587	233	220
12
1	82.0	1.0	58.0	1.0	43.0	1.0	14.0	130.9295059995476
2	97.0	0.0	55.0	1.0	48.0	1.0	17.0	120.89642936131196
3	80.0	0.0	30.0	1.0	28.0	1.0	15.0	39.24551698687179
4	58.0	0.0	49.0	1.0	29.0	1.0	13.0	39.714358402078275
5	87.0	0.0	76.0	0.0	27.0	1.0	11.0	62.39724167839854
6	95.0	0.0	92.0	0.0	26.0	1.0	15.0	94.70263690205397
7	74.0	0.0	66.0	0.0	31.0	1.0	16.0	80.81229447989163
8	78.0	1.0	57.0	1.0	54.0	1.0	7.0	136.45165975882045
9	96.0	1.0	90.0	1.0	68.0	1.0	10.0	347.56749381578305
10	93.0	0.0	43.0	0.0	21.0	1.0	16.0	35.946832718788585
11	71.0	1.0	53.0	1.0	48.0	1.0	16.0	70.21206858703093
12	75.0	1.0	39.0	1.0	39.0	1.0	9.0	77.948921116507
22
587	233	220
12
1	94.0	1.0	90.0	1.0	82.0	1.0	8.0	241.9047903058846
2	96.0	0.0	41.0	1.0	21.0	1.0	12.0	55.171288823896326
3	65.0	0.0	35.0	1.0	28.0	1.0	6.0	56.36303938174734
4	89.0	0.0	33.0	1.0	22.0	1.0	13.0	20.91257245626745
5	61.0	0.0	52.0	0.0	24.0	1.0	8.0	50.903593646284
6	93.0	1.0	87.0	1.0	82.0	1.0	17.0	429.4267196090584
7	55.0	0.0	40.0	1.0	26.0	1.0	12.0	34.89455467129178
8	74.0	0.0	42.0	1.0	34.0	1.0	18.0	36.00121339488481
9	79.0	0.0	33.0	1.0	27.0	1.0	11.0	27.500139418834923
10	94.0	0.0	77.0	0.0	20.0	1.0	15.0	100.29182539231881
11	81.0	1.0	56.0	1.0	54.0	1.0	12.0	142.3704198656542
12	63.0	1.0	62.0	1.0	52.0	1.0	8.0	127.18819060398744
23
587	233	220
12
1	91.0	1.0	70.0	1.0	69.0	1.0	10.0	247.22553214830032
2	90.0	0.0	41.0	0.0	20.0	1.0	10.0	40.57173879063322
3	88.0	0.0	52.0	1.0	33.0	1.0	10.0	63.03212940547444
4	87.0	1.0	84.0	1.0	46.0	1.0	12.0	184.50753847084619
5	55.0	1.0	52.0	1.0	50.0	1.0	11.0	108.09267951843192
6	90.0	1.0	77.0	1.0	57.0	1.0	10.0	271.1132367347444
7	82.0	1.0	73.0	1.0	53.0	1.0	15.0	150.9482814011573
8	86.0	0.0	86.0	0.0	37.0	1.0	10.0	284.2650997695666
9	85.0	0.0	32.0	1.0	25.0	1.0	14.0	37.385449751696164
10	82.0	0.0	52.0	0.0	25.0	1.0	9.0	37.92323147724978
11	56.0	0.0	31.0	1.0	22.0	1.0	11.0	16.780325453400813
12	93.0	0.0	70.0	1.0	42.0	1.0	14.0	136.4065437225808
24
587	233	220
12
1	86.0	0.0	56.0	1.0	35.0	1.0	14.0	57.70241444714761
2	94.0	1.0	89.0	1.0	76.0	1.0	8.0	285.04227024735843
3	97.0	0.0	59.0	1.0	43.0	1.0	12.0	166.3105802043351
4	85.0	1.0	80.0	1.0	48.0	1.0	8.0	181.93179143770257
5	78.0	1.0	72.0	1.0	56.0	1.0	5.0	270.51608439809957
6	98.0	0.0	59.0	0.0	26.0	1.0	13.0	111.18337334221279
7	63.0	1.0	62.0	1.0	43.0	1.0	8.0	62.44390171715355
8	99.0	0.0	44.0	1.0	35.0	1.0	12.0	124.91933169442625
9	82.0	1.0	71.0	1.0	44.0	1.0	12.0	229.54555917285896
10	46.0	0.0	24.0	1.0	22.0	1.0	10.0	14.135901761426503
11	100.0	1.0	94.0	1.0	66.0	1.0	10.0	331.1585009144456
12	55.0	0.0	43.0	0.0	20.0	1.0	8.0	22.39594645527212
25
587	233	220
12
1	100.0	1.0	82.0	1.0	66.0	1.0	9.0	510.47575528900995
2	94.0	1.0	70.0	1.0	57.0	1.0	8.0	210.70115521188941
3	94.0	1.0	86.0	1.0	62.0	1.0	11.0	317.41236951446825
4	95.0	0.0	71.0	1.0	36.0	1.0	8.0	233.79092851248546
5	100.0	1.0	81.0	1.0	58.0	1.0	3.0	476.9228161625841
6	72.0	1.0	63.0	1.0	53.0	1.0	6.0	142.97990125901944
7	38.0	1.0	37.0	1.0	31.0	1.0	9.0	19.62269189938049
8	99.0	1.0	76.0	1.0	67.0	1.0	12.0	508.5263308021526
9	88.0	0.0	35.0	1.0	25.0	1.0	7.0	43.80039871804648
10	75.0	0.0	40.0	1.0	28.0	1.0	7.0	49.35404993152922
11	98.0	1.0	69.0	1.0	69.0	1.0	5.0	245.14322198383286
12	81.0	1.0	62.0	1.0	55.0	1.0	7.0	206.64191211384713
26
587	233	220
12
1	54.0	1.0	52.0	1.0	46.0	1.0	11.0	73.98093551391196
2	93.0	1.0	57.0	1.0	47.0	1.0	12.0	153.06157658965563
3	92.0	0.0	87.0	0.0	43.0	1.0	16.0	229.50585819773107
4	49.0	0.0	48.0	0.0	24.0	1.0	12.0	54.30196884412735
5	78.0	1.0	77.0	1.0	55.0	1.0	13.0	208.73307952208074
6	22.0	1.0	21.0	1.0	20.0	1.0	10.0	4.810237827669661
7	71.0	0.0	51.0	1.0	28.0	1.0	11.0	49.40824871533713
8	74.0	1.0	45.0	1.0	44.0	1.0	18.0	91.46912552488207
9	77.0	0.0	63.0	1.0	32.0	1.0	9.0	81.13341003762407
10	96.0	0.0	67.0	1.0	47.0	1.0	20.0	115.04365687164794
11	98.0	0.0	58.0	0.0	23.0	1.0	18.0	77.51752222670535
12	99.0	0.0	38.0	1.0	31.0	1.0	12.0	50.62432883511011
27
587	233	220
12
1	64.0	0.0	38.0	1.0	23.0	1.0	11.0	32.88047385559629
2	99.0	0.0	83.0	0.0	26.0	1.0	15.0	117.4057904649316
3	67.0	0.0	62.0	0.0	28.0	1.0	7.0	80.30128516907565
4	66.0	1.0	64.0	1.0	53.0	1.0	10.0	103.23113555613945
5	86.0	0.0	62.0	1.0	32.0	1.0	17.0	112.08204742495158
6	60.0	0.0	45.0	1.0	30.0	1.0	15.0	61.124773400326106
7	69.0	1.0	68.0	1.0	58.0	1.0	18.0	154.79668673920443
8	100.0	0.0	85.0	1.0	48.0	1.0	12.0	314.35233128180454
9	87.0	0.0	72.0	0.0	35.0	1.0	17.0	123.91143584718941
10	87.0	1.0	50.0	1.0	44.0	1.0	12.0	117.69550431386398
11	98.0	0.0	63.0	0.0	28.0	1.0	9.0	108.78651091578243
12	95.0	0.0	59.0	0.0	23.0	1.0	13.0	64.26182390728718
28
587	233	220
12
1	90.0	1.0	72.0	1.0	54.0	1.0	13.0	315.1144042729365
2	91.0	0.0	57.0	1.0	42.0	1.0	17.0	79.97742857629888
3	97.0	0.0	68.0	0.0	29.0	1.0	17.0	77.68511815469172
4	81.0	0.0	50.0	1.0	32.0	1.0	10.0	58.26576614421384
5	91.0	0.0	60.0	1.0	38.0	1.0	9.0	139.8181270729299
6	96.0	0.0	71.0	1.0	37.0	1.0	14.0	93.3576568015178
7	99.0	0.0	54.0	1.0	33.0	1.0	16.0	94.37162391245907
8	94.0	0.0	63.0	1.0	35.0	1.0	11.0	195.3179051379446
9	87.0	0.0	82.0	0.0	25.0	1.0	12.0	116.39529553656617
10	89.0	0.0	78.0	0.0	20.0	1.0	13.0	82.78945959625868
11	91.0	1.0	47.0	1.0	46.0	1.0	11.0	143.78984693988494
12	47.0	0.0	26.0	1.0	20.0	1.0	17.0	7.670647505413919
29
587	233	220
12
1	79.0	0.0	49.0	0.0	21.0	1.0	14.0	46.32382391594789
2	95.0	0.0	41.0	1.0	40.0	1.0	10.0	113.57052662159474
3	84.0	0.0	40.0	1.0	35.0	1.0	10.0	50.96214411208491
4	93.0	1.0	92.0	1.0	54.0	1.0	17.0	352.4721501890822
5	96.0	0.0	91.0	0.0	31.0	1.0	14.0	137.75679244565455
6	70.0	0.0	33.0	1.0	27.0	1.0	12.0	30.7920995353573
7	80.0	1.0	48.0	1.0	43.0	1.0	14.0	67.31851889087191
8	73.0	1.0	53.0	1.0	48.0	1.0	14.0	106.41813966683789
9	86.0	0.0	59.0	1.0	32.0	1.0	16.0	94.74067294115548
10	75.0	1.0	61.0	1.0	61.0	1.0	7.0	158.5352627847889
11	90.0	1.0	66.0	1.0	55.0	1.0	12.0	133.27865917930987
12	72.0	0.0	26.0	1.0	26.0	1.0	8.0	22.901114209305625
30
587	233	220
12
1	63.0	0.0	42.0	1.0	31.0	1.0	13.0	46.40002946412644
2	75.0	0.0	36.0	1.0	35.0	1.0	8.0	38.71968911273728
3	76.0	0.0	74.0	0.0	34.0	1.0	10.0	101.3706561148167
4	82.0	0.0	60.0	0.0	22.0	1.0	12.0	39.787455645669795
5	94.0	1.0	86.0	1.0	61.0	1.0	10.0	193.88848095808788
6	99.0	1.0	91.0	1.0	60.0	1.0	16.0	332.8320320502914
7	70.0	0.0	67.0	0.0	23.0	1.0	5.0	54.21250876381383
8	86.0	0.0	51.0	1.0	43.0	1.0	8.0	84.27926093294492
9	94.0	0.0	81.0	1.0	44.0	1.0	9.0	154.08201247111353
10	92.0	0.0	59.0	1.0	35.0	1.0	11.0	126.38987701413072
11	99.0	1.0	66.0	1.0	66.0	1.0	5.0	271.01836324850973
12	73.0	1.0	67.0	1.0	50.0	1.0	7.0	117.28851211867811
31
587	233	220
12
1	75.0	0.0	49.0	1.0	37.0	1.0	14.0	45.802281502141
2	93.0	0.0	38.0	1.0	29.0	1.0	11.0	43.56576216963154
3	91.0	0.0	45.0	1.0	26.0	1.0	11.0	66.33988953318926
4	91.0	1.0	68.0	1.0	55.0	1.0	14.0	127.37512615671045
5	94.0	0.0	92.0	0.0	29.0	1.0	14.0	94.0109094684884
6	88.0	0.0	42.0	1.0	30.0	1.0	12.0	72.50118385619665
7	68.0	0.0	36.0	1.0	28.0	1.0	15.0	33.31010294861879
8	78.0	1.0	55.0	1.0	45.0	1.0	11.0	87.0059934551731
9	97.0	0.0	92.0	0.0	42.0	1.0	15.0	201.2786854008825
10	93.0	0.0	92.0	0.0	31.0	1.0	11.0	124.61680492502438
11	78.0	0.0	65.0	0.0	24.0	1.0	7.0	66.49172801161933
12	95.0	1.0	78.0	1.0	49.0	1.0	10.0	227.7794175608522
32
587	233	220
12
1	87.0	1.0	84.0	1.0	65.0	1.0	8.0	262.047862576436
2	91.0	1.0	76.0	1.0	70.0	1.0	9.0	347.72651198053336
3	61.0	0.0	38.0	1.0	20.0	1.0	11.0	23.85799078727254
4	86.0	1.0	81.0	1.0	67.0	1.0	8.0	231.89594691086666
5	50.0	1.0	44.0	1.0	36.0	1.0	9.0	24.863915086257382
6	82.0	0.0	37.0	1.0	34.0	1.0	9.0	56.00447753664931
7	81.0	0.0	46.0	1.0	26.0	1.0	8.0	34.90464066081837
8	93.0	1.0	80.0	1.0	65.0	1.0	9.0	332.23945331066517
9	77.0	0.0	27.0	1.0	26.0	1.0	15.0	37.881286177647894
10	60.0	0.0	29.0	1.0	21.0	1.0	14.0	17.227119166037937
11	75.0	0.0	73.0	1.0	37.0	1.0	14.0	117.95523487664101
12	98.0	1.0	80.0	1.0	74.0	1.0	11.0	452.01697676690713
33
587	233	220
12
1	57.0	1.0	44.0	1.0	39.0	1.0	18.0	51.95836710252028
2	82.0	1.0	72.0	1.0	45.0	1.0	17.0	181.45447079359928
3	61.0	0.0	32.0	1.0	27.0	1.0	16.0	19.273370003732783
4	64.0	1.0	60.0	1.0	50.0	1.0	19.0	87.41969926571056
5	46.0	1.0	40.0	1.0	24.0	1.0	15.0	16.96153321855007
6	87.0	1.0	74.0	1.0	49.0	1.0	20.0	280.76207720914596
7	62.0	0.0	34.0	1.0	31.0	1.0	21.0	44.59214248551533
8	91.0	0.0	63.0	0.0	27.0	1.0	22.0	117.13330013062227
9	78.0	0.0	57.0	1.0	39.0	1.0	17.0	138.67732477293094
10	59.0	1.0	51.0	1.0	37.0	1.0	16.0	92.73586596289833
11	74.0	0.0	35.0	1.0	20.0	1.0	15.0	22.18384331654987
12	90.0	0.0	61.0	1.0	34.0	1.0	11.0	119.27833513280967
34
587	233	220
12
1	57.0	1.0	48.0	1.0	46.0	1.0	12.0	69.46303740539703
2	98.0	1.0	87.0	1.0	84.0	1.0	8.0	671.8360356479207
3	82.0	0.0	77.0	1.0	39.0	1.0	7.0	156.58981396622914
4	94.0	1.0	69.0	1.0	67.0	1.0	7.0	180.4182596690453
5	78.0	1.0	72.0	1.0	68.0	1.0	7.0	186.72390675953892
6	88.0	0.0	79.0	0.0	20.0	1.0	11.0	49.105552606873516
7	73.0	1.0	59.0	1.0	52.0	1.0	10.0	92.80146682025064
8	48.0	1.0	36.0	1.0	25.0	1.0	7.0	28.49643338187371
9	96.0	1.0	87.0	1.0	83.0	1.0	11.0	472.81086491204604
10	59.0	0.0	25.0	1.0	23.0	1.0	7.0	27.614080590860787
11	45.0	1.0	44.0	1.0	38.0	1.0	8.0	45.025945215343285
12	98.0	0.0	62.0	0.0	28.0	1.0	13.0	75.95768139499741
35
587	233	220
12
1	88.0	0.0	81.0	0.0	20.0	1.0	12.0	117.28115801359073
2	48.0	0.0	39.0	1.0	20.0	1.0	12.0	19.438707622440823
3	95.0	1.0	88.0	1.0	50.0	1.0	13.0	299.7344964793297
4	67.0	0.0	67.0	0.0	24.0	1.0	22.0	35.5490816293508
5	70.0	0.0	65.0	1.0	35.0	1.0	17.0	77.7132576134045
6	90.0	1.0	84.0	1.0	67.0	1.0	14.0	197.1695743845404
7	96.0	1.0	54.0	1.0	52.0	1.0	15.0	219.25819244687352
8	52.0	0.0	42.0	1.0	26.0	1.0	19.0	28.369515698809085
9	48.0	1.0	45.0	1.0	32.0	1.0	12.0	52.219479415539396
10	90.0	0.0	68.0	0.0	28.0	1.0	15.0	79.09159166451992
11	95.0	0.0	23.0	1.0	20.0	1.0	19.0	30.28910817161097
12	55.0	0.0	33.0	1.0	24.0	1.0	22.0	26.1567131176483
36
587	233	220
12
1	90.0	1.0	77.0	1.0	75.0	1.0	10.0	339.82960802432086
2	99.0	0.0	79.0	1.0	43.0	1.0	15.0	255.37929177494357
3	97.0	0.0	27.0	1.0	26.0	1.0	17.0	21.881954935565588
4	73.0	0.0	71.0	0.0	25.0	1.0	22.0	86.90268938078763
5	69.0	1.0	61.0	1.0	54.0	1.0	9.0	143.87925171640123
6	73.0	0.0	34.0	1.0	22.0	1.0	13.0	33.51706021668736
7	41.0	1.0	26.0	1.0	25.0	1.0	7.0	11.162954259992787
8	71.0	1.0	69.0	1.0	46.0	1.0	15.0	109.4131358409417
9	78.0	0.0	74.0	0.0	20.0	1.0	11.0	43.6568607642223
10	99.0	0.0	95.0	0.0	33.0	1.0	22.0	212.39932473070095
11	54.0	0.0	32.0	1.0	24.0	1.0	11.0	19.371070788245152
12	47.0	1.0	40.0	1.0	26.0	1.0	16.0	22.222438700207885
37
587	233	220
12
1	95.0	1.0	66.0	1.0	49.0	1.0	18.0	201.16986921455396
2	65.0	0.0	49.0	1.0	30.0	1.0	19.0	39.33274262485777
3	64.0	1.0	41.0	1.0	36.0	1.0	19.0	44.5119269204155
4	69.0	0.0	34.0	1.0	30.0	1.0	15.0	24.809239527116212
5	80.0	1.0	76.0	1.0	45.0	1.0	14.0	225.54792707260754
6	88.0	0.0	68.0	0.0	24.0	1.0	14.0	68.71584721951338
7	82.0	0.0	26.0	1.0	23.0	1.0	15.0	17.61709500361612
8	93.0	0.0	65.0	1.0	38.0	1.0	11.0	85.89552178734102
9	61.0	1.0	61.0	1.0	38.0	1.0	13.0	85.65714750350827
10	62.0	1.0	55.0	1.0	46.0	1.0	11.0	55.85846347756708
11	81.0	0.0	53.0	1.0	31.0	1.0	10.0	96.23599502212903
12	86.0	1.0	78.0	1.0	60.0	1.0	14.0	177.62967268562568
38
587	233	220
12
1	96.0	0.0	55.0	0.0	21.0	1.0	22.0	81.69857575707294
2	93.0	1.0	67.0	1.0	49.0	1.0	18.0	207.72603523862722
3	28.0	1.0	26.0	1.0	20.0	1.0	21.0	4.91633902899806
4	97.0	0.0	56.0	0.0	27.0	1.0	20.0	87.8424402762688
5	47.0	1.0	44.0	1.0	39.0	1.0	17.0	85.55268757963613
6	61.0	0.0	51.0	0.0	24.0	1.0	20.0	48.28347923367552
7	84.0	0.0	36.0	1.0	33.0	1.0	23.0	82.32448542668065
8	77.0	0.0	58.0	1.0	35.0	1.0	22.0	73.36378671151812
9	94.0	0.0	49.0	1.0	34.0	1.0	21.0	72.321410282996
10	99.0	0.0	45.0	1.0	45.0	1.0	23.0	72.36752616167458
11	91.0	0.0	29.0	1.0	25.0	1.0	24.0	23.17851089707518
12	42.0	1.0	34.0	1.0	26.0	1.0	20.0	13.720040686148572
39
587	233	220
12
1	92.0	0.0	67.0	0.0	31.0	1.0	10.0	79.46876738299987
2	89.0	0.0	42.0	1.0	42.0	1.0	14.0	66.70178252359807
3	85.0	0.0	33.0	1.0	30.0	1.0	18.0	36.789662784677816
4	86.0	1.0	57.0	1.0	44.0	1.0	9.0	128.68003532724836
5	82.0	0.0	33.0	1.0	25.0	1.0	12.0	48.21240605596775
6	98.0	0.0	60.0	0.0	27.0	1.0	15.0	94.54978927083242
7	99.0	0.0	70.0	1.0	49.0	1.0	12.0	220.18680466155664
8	97.0	1.0	84.0	1.0	64.0	1.0	11.0	183.40233585309127
9	96.0	1.0	74.0	1.0	52.0	1.0	13.0	192.23000256227806
10	31.0	1.0	30.0	1.0	21.0	1.0	8.0	9.338453046191031
11	78.0	0.0	51.0	1.0	29.0	1.0	12.0	81.66930886352313
12	81.0	1.0	77.0	1.0	72.0	1.0	7.0	313.5508937480867
40
587	233	220
12
1	52.0	1.0	48.0	1.0	41.0	1.0	11.0	41.69179141306718
2	90.0	1.0	80.0	1.0	55.0	1.0	13.0	148.58618559174818
3	89.0	1.0	65.0	1.0	57.0	1.0	9.0	158.6678229383297
4	82.0	1.0	68.0	1.0	59.0	1.0	10.0	141.61596179814623
5	89.0	1.0	79.0	1.0	57.0	1.0	12.0	242.87292327668843
6	75.0	0.0	48.0	0.0	22.0	1.0	9.0	30.87294331579816
7	83.0	0.0	43.0	1.0	27.0	1.0	10.0	59.84152154754546
8	75.0	0.0	62.0	1.0	33.0	1.0	10.0	83.41811372703968
9	69.0	1.0	66.0	1.0	60.0	1.0	10.0	146.23161941140668
10	64.0	1.0	44.0	1.0	39.0	1.0	18.0	49.213823856460664
11	99.0	0.0	93.0	0.0	39.0	1.0	8.0	133.3862525573787
12	89.0	0.0	66.0	0.0	25.0	1.0	13.0	90.42392844469973
41
587	233	220
12
1	87.0	1.0	75.0	1.0	67.0	1.0	10.0	235.7025056559649
2	80.0	1.0	80.0	1.0	59.0	1.0	18.0	240.98585151727482
3	95.0	0.0	58.0	1.0	36.0	1.0	10.0	100.86075465398109
4	97.0	0.0	49.0	0.0	22.0	1.0	9.0	49.24666767311239
5	93.0	1.0	81.0	1.0	68.0	1.0	7.0	316.087978430622
6	91.0	0.0	35.0	1.0	23.0	1.0	10.0	32.87132412379595
7	96.0	0.0	55.0	0.0	21.0	1.0	14.0	60.330189288547814
8	85.0	0.0	70.0	1.0	36.0	1.0	11.0	151.6310769557538
9	58.0	1.0	42.0	1.0	33.0	1.0	11.0	34.249895474506715
10	81.0	1.0	78.0	1.0	48.0	1.0	9.0	172.2007642701164
11	70.0	1.0	43.0	1.0	42.0	1.0	18.0	60.288899952703474
12	61.0	1.0	55.0	1.0	36.0	1.0	14.0	56.41536825143583
42
587	233	220
12
1	99.0	1.0	58.0	1.0	56.0	1.0	8.0	120.15083581084212
2	98.0	1.0	85.0	1.0	62.0	1.0	6.0	386.8515266817681
3	100.0	0.0	32.0	1.0	26.0	1.0	11.0	63.31898944487995
4	72.0	1.0	67.0	1.0	54.0	1.0	8.0	100.65552630818007
5	47.0	1.0	27.0	1.0	26.0	1.0	9.0	27.40819302407569
6	91.0	0.0	53.0	1.0	28.0	1.0	12.0	96.3890897832118
7	44.0	1.0	42.0	1.0	28.0	1.0	10.0	28.780145257730815
8	99.0	0.0	52.0	1.0	45.0	1.0	19.0	80.43463254971182
9	62.0	0.0	41.0	1.0	29.0	1.0	9.0	28.38144807417602
10	88.0	0.0	71.0	1.0	40.0	1.0	12.0	143.08272175418188
11	95.0	1.0	88.0	1.0	83.0	1.0	12.0	310.2773383424138
12	87.0	0.0	86.0	0.0	21.0	1.0	16.0	113.02830817420971
43
587	233	220
12
1	93.0	1.0	73.0	1.0	60.0	1.0	13.0	331.1123885205595
2	88.0	1.0	60.0	1.0	50.0	1.0	3.0	82.85421418284713
3	96.0	0.0	94.0	0.0	26.0	1.0	9.0	133.35106910141232
4	100.0	0.0	58.0	0.0	22.0	1.0	8.0	60.471901617747754
5	84.0	1.0	80.0	1.0	76.0	1.0	13.0	196.61807060122936
6	73.0	1.0	71.0	1.0	49.0	1.0	11.0	173.29287209981288
7	63.0	1.0	54.0	1.0	53.0	1.0	4.0	74.156451080754
8	79.0	1.0	61.0	1.0	49.0	1.0	8.0	127.75738064851332
9	97.0	1.0	56.0	1.0	55.0	1.0	9.0	134.43493263429582
10	99.0	0.0	46.0	1.0	36.0	1.0	9.0	71.63879321519919
11	67.0	0.0	55.0	1.0	33.0	1.0	14.0	70.01295328340599
12	70.0	1.0	63.0	1.0	62.0	1.0	9.0	191.31700707750005
44
587	233	220
12
1	96.0	0.0	45.0	1.0	27.0	1.0	4.0	46.753081579887805
2	99.0	0.0	70.0	0.0	23.0	1.0	8.0	106.68723251620389
3	83.0	0.0	83.0	0.0	28.0	1.0	13.0	77.31808797576797
4	88.0	0.0	56.0	1.0	44.0	1.0	11.0	109.31818539307869
5	90.0	1.0	88.0	1.0	65.0	1.0	9.0	413.3317957368722
6	82.0	1.0	77.0	1.0	62.0	1.0	13.0	329.54777568022234
7	67.0	0.0	29.0	1.0	23.0	1.0	16.0	17.07479596560358
8	87.0	0.0	43.0	1.0	35.0	1.0	10.0	77.36850268477869
9	58.0	1.0	57.0	1.0	35.0	1.0	6.0	84.21144850934716
10	85.0	0.0	65.0	1.0	37.0	1.0	15.0	199.6447262534943
11	94.0	1.0	88.0	1.0	52.0	1.0	13.0	342.72825385531826
12	76.0	1.0	68.0	1.0	54.0	1.0	8.0	186.97086592559495
45
587	233	220
12
1	94.0	0.0	46.0	1.0	43.0	1.0	9.0	123.93450497887636
2	99.0	1.0	68.0	1.0	60.0	1.0	9.0	272.31078787927066
3	72.0	0.0	42.0	1.0	22.0	1.0	12.0	34.1627330468935
4	77.0	0.0	42.0	1.0	32.0	1.0	9.0	73.52843613250478
5	100.0	1.0	84.0	1.0	78.0	1.0	8.0	427.24332390923337
6	78.0	1.0	67.0	1.0	54.0	1.0	10.0	169.16456904063566
7	64.0	0.0	41.0	1.0	25.0	1.0	6.0	42.894207621252676
8	83.0	0.0	80.0	0.0	37.0	1.0	16.0	156.00087336990674
9	77.0	1.0	68.0	1.0	64.0	1.0	7.0	217.44754750397178
10	69.0	1.0	65.0	1.0	35.0	1.0	9.0	60.74767407997567
11	90.0	1.0	89.0	1.0	53.0	1.0	14.0	277.7024317869682
12	52.0	0.0	51.0	0.0	22.0	1.0	11.0	39.96720695242476
46
587	233	220
12
1	78.0	1.0	53.0	1.0	51.0	1.0	11.0	105.9556679778936
2	95.0	0.0	91.0	0.0	39.0	1.0	8.0	160.24192446933253
3	78.0	0.0	43.0	1.0	30.0	1.0	13.0	61.546785247442486
4	89.0	0.0	21.0	1.0	20.0	1.0	13.0	16.18980772169742
5	87.0	1.0	79.0	1.0	64.0	1.0	9.0	322.6921593227856
6	95.0	1.0	60.0	1.0	52.0	1.0	13.0	98.86798001060617
7	75.0	1.0	62.0	1.0	50.0	1.0	11.0	124.01582651076065
8	94.0	0.0	89.0	0.0	34.0	1.0	10.0	112.62576465241885
9	69.0	1.0	51.0	1.0	36.0	1.0	13.0	113.40252355229086
10	59.0	1.0	55.0	1.0	48.0	1.0	12.0	150.64334082119245
11	95.0	1.0	75.0	1.0	54.0	1.0	15.0	145.51845379839563
12	59.0	0.0	36.0	1.0	23.0	1.0	14.0	33.251891880538835
47
587	233	220
12
1	91.0	0.0	52.0	1.0	42.0	1.0	12.0	153.58372564093764
2	66.0	0.0	32.0	1.0	31.0	1.0	14.0	39.782844230211204
3	82.0	1.0	58.0	1.0	46.0	1.0	9.0	151.49027128651213
4	62.0	0.0	40.0	1.0	31.0	1.0	10.0	24.62169716657239
5	100.0	0.0	60.0	1.0	42.0	1.0	10.0	190.69515256750128
6	96.0	0.0	68.0	0.0	26.0	1.0	10.0	113.82649768721724
7	80.0	0.0	38.0	1.0	25.0	1.0	14.0	67.42980805267051
8	97.0	1.0	78.0	1.0	71.0	1.0	12.0	338.6793745269044
9	89.0	0.0	71.0	0.0	24.0	1.0	7.0	77.97480748532843
10	96.0	1.0	64.0	1.0	55.0	1.0	13.0	137.05467691941365
11	62.0	0.0	59.0	0.0	27.0	1.0	12.0	55.24296122529536
12	90.0	1.0	85.0	1.0	80.0	1.0	9.0	328.95666538821945
48
587	233	220
12
1	94.0	0.0	76.0	0.0	30.0	1.0	19.0	116.3029681592432
2	90.0	0.0	71.0	0.0	20.0	1.0	13.0	87.71425591111685
3	97.0	0.0	63.0	1.0	43.0	1.0	15.0	141.60461436388232
4	81.0	0.0	41.0	1.0	23.0	1.0	7.0	41.23473477081798
5	73.0	0.0	42.0	1.0	32.0	1.0	12.0	82.2426819953995
6	60.0	1.0	59.0	1.0	53.0	1.0	13.0	72.83727064960345
7	94.0	1.0	85.0	1.0	60.0	1.0	15.0	238.95700762618281
8	58.0	0.0	43.0	1.0	24.0	1.0	14.0	51.169248116127726
9	84.0	1.0	57.0	1.0	46.0	1.0	16.0	147.42661233441422
10	74.0	1.0	50.0	1.0	48.0	1.0	10.0	78.8684502162416
11	73.0	0.0	65.0	0.0	21.0	1.0	15.0	65.21351286816711
12	78.0	0.0	36.0	1.0	30.0	1.0	16.0	36.24221235666019
49
587	233	220
12
1	73.0	0.0	50.0	1.0	36.0	1.0	15.0	56.59691761883118
2	84.0	0.0	72.0	0.0	23.0	1.0	17.0	58.48144765872231
3	89.0	0.0	62.0	0.0	22.0	1.0	15.0	79.1897377664217
4	66.0	0.0	47.0	1.0	28.0	1.0	16.0	37.91034435301014
5	82.0	0.0	72.0	0.0	36.0	1.0	12.0	114.696517061728
6	86.0	0.0	86.0	0.0	22.0	1.0	21.0	107.62698091915192
7	83.0	1.0	70.0	1.0	60.0	1.0	13.0	275.7777262339503
8	86.0	0.0	53.0	0.0	26.0	1.0	12.0	44.95917135366923
9	94.0	0.0	61.0	0.0	23.0	1.0	13.0	125.6515436819843
10	68.0	1.0	62.0	1.0	41.0	1.0	10.0	84.5539836831623
11	79.0	1.0	78.0	1.0	43.0	1.0	16.0	169.31708723498411
12	85.0	0.0	79.0	0.0	24.0	1.0	18.0	94.44899867514256
50
587	233	220
12
1	59.0	1.0	45.0	1.0	32.0	1.0	9.0	47.97295088715673
2	50.0	0.0	45.0	0.0	21.0	1.0	11.0	27.35603278786544
3	99.0	0.0	75.0	1.0	48.0	1.0	10.0	158.53247795589579
4	86.0	0.0	81.0	0.0	24.0	1.0	18.0	57.02877177773592
5	97.0	0.0	96.0	0.0	28.0	1.0	12.0	183.9305676136548
6	65.0	1.0	59.0	1.0	36.0	1.0	11.0	57.412026026679015
7	80.0	1.0	67.0	1.0	61.0	1.0	5.0	170.58731102112728
8	86.0	1.0	85.0	1.0	84.0	1.0	15.0	355.04620573720103
9	70.0	1.0	51.0	1.0	41.0	1.0	12.0	82.22776702446332
10	98.0	0.0	57.0	0.0	28.0	1.0	13.0	77.3940395627505
11	55.0	0.0	27.0	1.0	22.0	1.0	11.0	21.22364366110551
12	75.0	0.0	65.0	0.0	30.0	1.0	15.0	84.97705187377586
51
587	233	220
12
1	77.0	0.0	72.0	0.0	21.0	1.0	13.0	66.2530128949212
2	81.0	0.0	71.0	1.0	40.0	1.0	18.0	173.18373818869634
3	94.0	0.0	91.0	0.0	33.0	1.0	11.0	146.62759604704314
4	96.0	1.0	55.0	1.0	53.0	1.0	17.0	188.1908848765489
5	84.0	0.0	33.0	1.0	24.0	1.0	17.0	38.93966632114153
6	97.0	1.0	75.0	1.0	54.0	1.0	8.0	345.84897947931535
7	92.0	0.0	55.0	1.0	40.0	1.0	13.0	117.0674532944275
8	78.0	0.0	46.0	1.0	29.0	1.0	17.0	55.397346537659246
9	84.0	1.0	80.0	1.0	57.0	1.0	13.0	196.6781581779107
10	96.0	0.0	35.0	1.0	23.0	1.0	16.0	58.95319718920258
11	49.0	1.0	42.0	1.0	38.0	1.0	12.0	41.34423495585118
12	48.0	1.0	30.0	1.0	27.0	1.0	15.0	12.452830291380529
52
587	233	220
12
1	98.0	1.0	64.0	1.0	63.0	1.0	7.0	153.13911911330322
2	93.0	1.0	82.0	1.0	68.0	1.0	7.0	391.5502298108116
3	44.0	0.0	27.0	1.0	22.0	1.0	6.0	18.909495377311618
4	93.0	1.0	77.0	1.0	62.0	1.0	9.0	216.26465345739783
5	89.0	0.0	42.0	1.0	34.0	1.0	7.0	73.87258723215159
6	91.0	0.0	64.0	1.0	38.0	1.0	10.0	125.45652943847047
7	69.0	1.0	62.0	1.0	51.0	1.0	17.0	100.14635864853977
8	90.0	1.0	89.0	1.0	59.0	1.0	8.0	220.0728228596813
9	75.0	1.0	69.0	1.0	58.0	1.0	12.0	252.16544098978088
10	81.0	0.0	38.0	1.0	37.0	1.0	11.0	54.58624978608723
11	93.0	0.0	29.0	1.0	22.0	1.0	12.0	26.306756794491967
12	96.0	0.0	91.0	0.0	42.0	1.0	8.0	211.8056802660736
53
587	233	220
12
1	100.0	1.0	72.0	1.0	59.0	1.0	14.0	302.8923773365102
2	35.0	1.0	27.0	1.0	21.0	1.0	10.0	9.869217795247593
3	99.0	0.0	74.0	1.0	40.0	1.0	17.0	195.78532450174558
4	77.0	0.0	53.0	1.0	32.0	1.0	15.0	68.85709631430217
5	67.0	1.0	48.0	1.0	46.0	1.0	13.0	60.692799195116066
6	91.0	0.0	61.0	1.0	31.0	1.0	16.0	80.49094310156254
7	92.0	0.0	87.0	0.0	32.0	1.0	14.0	122.37543460970761
8	72.0	1.0	55.0	1.0	54.0	1.0	8.0	125.42360543715095
9	99.0	1.0	53.0	1.0	50.0	1.0	14.0	226.14313293593332
10	97.0	0.0	50.0	0.0	25.0	1.0	8.0	77.72737450612661
11	61.0	0.0	36.0	1.0	27.0	1.0	19.0	24.341833744077864
12	100.0	0.0	31.0	1.0	26.0	1.0	13.0	59.38312929368669
54
587	233	220
12
1	92.0	0.0	90.0	0.0	25.0	1.0	9.0	113.21564340311657
2	74.0	1.0	49.0	1.0	41.0	1.0	10.0	83.40335384205127
3	100.0	1.0	98.0	1.0	89.0	1.0	11.0	329.3248311427256
4	70.0	0.0	59.0	0.0	29.0	1.0	12.0	71.54274056773858
5	88.0	0.0	27.0	1.0	21.0	1.0	6.0	27.112400378989644
6	77.0	1.0	70.0	1.0	52.0	1.0	9.0	116.4964720233379
7	88.0	1.0	76.0	1.0	70.0	1.0	11.0	198.21062714506888
8	51.0	1.0	51.0	1.0	31.0	1.0	5.0	66.56581112597868
9	71.0	0.0	45.0	1.0	30.0	1.0	10.0	65.6933217646116
10	48.0	0.0	26.0	1.0	24.0	1.0	9.0	16.163075442523628
11	99.0	0.0	82.0	0.0	39.0	1.0	13.0	200.25519421310378
12	91.0	0.0	47.0	1.0	38.0	1.0	11.0	48.53163674319894
55
587	233	220
12
1	41.0	1.0	35.0	1.0	21.0	1.0	11.0	16.253897343125317
2	71.0	1.0	69.0	1.0	53.0	1.0	11.0	126.30517040238668
3	77.0	0.0	51.0	1.0	35.0	1.0	12.0	69.9203878589006
4	92.0	1.0	66.0	1.0	57.0	1.0	13.0	380.7235943720657
5	93.0	0.0	92.0	0.0	20.0	1.0	13.0	57.40570140054011
6	91.0	0.0	78.0	1.0	45.0	1.0	14.0	142.75331316054658
7	77.0	0.0	76.0	0.0	26.0	1.0	13.0	83.02800167153706
8	98.0	0.0	66.0	0.0	29.0	1.0	13.0	91.88353631601518
9	84.0	0.0	52.0	0.0	22.0	1.0	11.0	45.01624868806766
10	100.0	0.0	56.0	1.0	46.0	1.0	10.0	180.06334821225744
11	99.0	0.0	96.0	0.0	28.0	1.0	20.0	141.79718793299958
12	67.0	0.0	21.0	1.0	21.0	1.0	12.0	11.616876524976018
56
587	233	220
12
1	74.0	1.0	43.0	1.0	42.0	1.0	11.0	99.26607242151921
2	74.0	1.0	70.0	1.0	63.0	1.0	11.0	160.9570144695612
3	98.0	0.0	33.0	1.0	22.0	1.0	5.0	43.44044042276674
4	87.0	1.0	84.0	1.0	82.0	1.0	9.0	217.1485067673145
5	87.0	1.0	73.0	1.0	67.0	1.0	10.0	243.6244932306149
6	95.0	1.0	82.0	1.0	69.0	1.0	11.0	412.93066663658675
7	88.0	0.0	54.0	1.0	29.0	1.0	12.0	42.85477171815195
8	68.0	0.0	52.0	0.0	25.0	1.0	9.0	40.87252518353401
9	80.0	1.0	61.0	1.0	57.0	1.0	7.0	215.19367799400092
10	96.0	0.0	43.0	0.0	21.0	1.0	8.0	35.02092488751491
11	40.0	1.0	34.0	1.0	25.0	1.0	8.0	26.318450871430745
12	81.0	1.0	76.0	1.0	65.0	1.0	9.0	251.25966791083678
57
587	233	220
12
1	92.0	0.0	35.0	1.0	31.0	1.0	17.0	67.48744324821739
2	82.0	1.0	79.0	1.0	67.0	1.0	14.0	244.86127179497515
3	60.0	0.0	40.0	1.0	21.0	1.0	11.0	42.01812233568558
4	72.0	1.0	49.0	1.0	43.0	1.0	14.0	78.27892515709902
5	92.0	0.0	60.0	1.0	41.0	1.0	13.0	188.12744184884517
6	89.0	1.0	68.0	1.0	62.0	1.0	17.0	204.36019071012402
7	98.0	0.0	46.0	1.0	35.0	1.0	21.0	124.15729470364525
8	97.0	0.0	80.0	0.0	34.0	1.0	13.0	213.61264785200018
9	51.0	0.0	37.0	1.0	21.0	1.0	12.0	32.358767291217255
10	65.0	0.0	52.0	0.0	23.0	1.0	12.0	30.17600527600898
11	44.0	1.0	34.0	1.0	32.0	1.0	13.0	29.6081466530372
12	88.0	0.0	56.0	0.0	26.0	1.0	12.0	67.4709422979292
58
587	233	220
12
1	98.0	0.0	65.0	1.0	33.0	1.0	17.0	94.9756597642396
2	81.0	1.0	70.0	1.0	51.0	1.0	17.0	117.66678767975044
3	58.0	0.0	57.0	0.0	25.0	1.0	12.0	36.977444659050505
4	92.0	1.0	78.0	1.0	54.0	1.0	17.0	219.10510855509384
5	66.0	1.0	65.0	1.0	56.0	1.0	13.0	133.39234082583516
6	84.0	0.0	29.0	1.0	27.0	1.0	15.0	26.30763171283303
7	44.0	1.0	34.0	1.0	23.0	1.0	12.0	24.93539676076261
8	94.0	1.0	60.0	1.0	52.0	1.0	14.0	139.11637267161512
9	86.0	1.0	64.0	1.0	47.0	1.0	8.0	133.4195056066815
10	91.0	0.0	41.0	1.0	21.0	1.0	17.0	45.284061156530896
11	46.0	1.0	41.0	1.0	34.0	1.0	14.0	25.17581112401587
12	61.0	0.0	41.0	1.0	21.0	1.0	20.0	25.999485845861958
59
587	233	220
12
1	98.0	0.0	92.0	0.0	27.0	1.0	6.0	80.65349258108921
2	93.0	1.0	85.0	1.0	65.0	1.0	12.0	244.90846435576358
3	45.0	1.0	35.0	1.0	23.0	1.0	6.0	23.004128774482922
4	100.0	0.0	94.0	0.0	21.0	1.0	10.0	68.53822961535064
5	66.0	0.0	54.0	0.0	27.0	1.0	11.0	85.70562945120359
6	74.0	1.0	72.0	1.0	44.0	1.0	6.0	130.84621002426528
7	61.0	0.0	41.0	0.0	20.0	1.0	10.0	21.964486519127377
8	90.0	1.0	81.0	1.0	77.0	1.0	11.0	312.76108764602793
9	45.0	1.0	44.0	1.0	29.0	1.0	11.0	39.03100757027747
10	91.0	0.0	48.0	0.0	24.0	1.0	1.0	41.335917370843674
11	97.0	1.0	92.0	1.0	89.0	1.0	11.0	425.9622692400439
12	98.0	0.0	54.0	0.0	26.0	1.0	7.0	51.70887655027434
60
587	233	220
12
1	85.0	0.0	70.0	0.0	27.0	1.0	15.0	62.445010543217755
2	99.0	0.0	66.0	0.0	26.0	1.0	11.0	72.84505319399207
3	96.0	0.0	95.0	0.0	45.0	1.0	9.0	353.54599584822324
4	97.0	0.0	70.0	0.0	27.0	1.0	7.0	114.69818658375962
5	86.0	0.0	33.0	1.0	21.0	1.0	14.0	26.39739685467855
6	98.0	0.0	71.0	0.0	23.0	1.0	17.0	73.93772878200738
7	94.0	0.0	74.0	0.0	25.0	1.0	19.0	68.23594204041815
8	67.0	0.0	65.0	0.0	28.0	1.0	13.0	58.14250495213324
9	78.0	1.0	57.0	1.0	49.0	1.0	10.0	141.01148963213836
10	75.0	1.0	42.0	1.0	40.0	1.0	17.0	66.46498106395876
11	66.0	1.0	66.0	1.0	65.0	1.0	17.0	121.39533245828699
12	69.0	1.0	55.0	1.0	47.0	1.0	18.0	125.18503798307516
61
587	233	220
12
1	91.0	1.0	70.0	1.0	65.0	1.0	17.0	313.30085462706904
2	77.0	0.0	59.0	0.0	27.0	1.0	13.0	87.45948333970426
3	40.0	1.0	29.0	1.0	21.0	1.0	16.0	12.164376046703813
4	91.0	1.0	75.0	1.0	68.0	1.0	11.0	249.78466380608268
5	67.0	0.0	47.0	1.0	26.0	1.0	18.0	25.000640390163838
6	70.0	1.0	44.0	1.0	42.0	1.0	15.0	58.26930408337222
7	92.0	0.0	54.0	1.0	29.0	1.0	10.0	58.23954927366822
8	43.0	1.0	41.0	1.0	37.0	1.0	12.0	33.837748317709526
9	58.0	1.0	49.0	1.0	31.0	1.0	13.0	86.35078245707042
10	70.0	0.0	60.0	0.0	21.0	1.0	18.0	59.37478604131134
11	76.0	1.0	51.0	1.0	47.0	1.0	13.0	79.87022269373641
12	96.0	0.0	80.0	1.0	42.0	1.0	16.0	136.6498224996953
62
587	233	220
12
1	70.0	1.0	64.0	1.0	53.0	1.0	12.0	124.47874882272514
2	92.0	0.0	69.0	0.0	32.0	1.0	8.0	71.79977714979195
3	96.0	1.0	74.0	1.0	60.0	1.0	8.0	222.37970196283672
4	100.0	1.0	87.0	1.0	62.0	1.0	6.0	163.5669953374798
5	48.0	0.0	40.0	1.0	21.0	1.0	9.0	15.404766038333575
6	31.0	1.0	28.0	1.0	21.0	1.0	8.0	7.468598916442697
7	89.0	0.0	67.0	1.0	42.0	1.0	5.0	114.0280920257214
8	92.0	1.0	90.0	1.0	83.0	1.0	7.0	393.6353744035138
9	97.0	0.0	70.0	1.0	44.0	1.0	11.0	204.26452154396702
10	81.0	1.0	75.0	1.0	61.0	1.0	10.0	294.3249721530056
11	73.0	1.0	62.0	1.0	60.0	1.0	11.0	119.44385361259157
12	82.0	1.0	76.0	1.0	57.0	1.0	6.0	213.02237955949505
63
587	233	220
12
1	96.0	0.0	90.0	0.0	32.0	1.0	17.0	179.61163747165472
2	95.0	1.0	69.0	1.0	63.0	1.0	12.0	169.31994744697815
3	78.0	1.0	53.0	1.0	49.0	1.0	17.0	141.82053933964417
4	34.0	1.0	30.0	1.0	24.0	1.0	15.0	13.232918548474505
5	98.0	0.0	26.0	1.0	23.0	1.0	11.0	38.08618781100814
6	76.0	0.0	60.0	0.0	30.0	1.0	13.0	120.36395353957045
7	91.0	0.0	32.0	1.0	30.0	1.0	16.0	55.6521014082402
8	94.0	0.0	43.0	1.0	34.0	1.0	14.0	126.87387231225208
9	91.0	1.0	54.0	1.0	50.0	1.0	15.0	134.55746017690254
10	50.0	1.0	42.0	1.0	35.0	1.0	19.0	64.56840977356704
11	86.0	0.0	69.0	1.0	43.0	1.0	15.0	170.47186702009947
12	68.0	0.0	55.0	1.0	29.0	1.0	18.0	75.54978057018401
64
587	233	220
12
1	53.0	0.0	27.0	1.0	20.0	1.0	9.0	15.336774801831702
2	89.0	0.0	65.0	0.0	28.0	1.0	9.0	92.15967409658163
3	98.0	0.0	79.0	0.0	36.0	1.0	12.0	91.39205931379988
4	99.0	1.0	83.0	1.0	50.0	1.0	8.0	159.46516076970676
5	98.0	1.0	97.0	1.0	85.0	1.0	9.0	278.59673018363554
6	90.0	0.0	76.0	1.0	39.0	1.0	9.0	102.77356808869555
7	55.0	1.0	51.0	1.0	31.0	1.0	8.0	40.69403617078451
8	100.0	0.0	86.0	0.0	39.0	1.0	10.0	100.58893472096355
9	82.0	0.0	37.0	1.0	27.0	1.0	11.0	38.76723071306663
10	79.0	0.0	71.0	1.0	39.0	1.0	9.0	125.84239678499978
11	99.0	0.0	36.0	1.0	36.0	1.0	10.0	68.99673821005618
12	92.0	0.0	56.0	1.0	34.0	1.0	22.0	128.43153467423906
65
587	233	220
12
1	92.0	1.0	86.0	1.0	69.0	1.0	6.0	270.25895231261467
2	100.0	1.0	80.0	1.0	78.0	1.0	4.0	452.8852564995074
3	84.0	0.0	66.0	0.0	29.0	1.0	7.0	113.1217407506248
4	100.0	0.0	81.0	1.0	50.0	1.0	13.0	215.52668464142164
5	81.0	0.0	31.0	1.0	22.0	1.0	4.0	24.206561934810566
6	76.0	0.0	56.0	1.0	29.0	1.0	8.0	57.08373925847762
7	97.0	1.0	94.0	1.0	68.0	1.0	4.0	458.5762913708444
8	98.0	0.0	95.0	1.0	49.0	1.0	5.0	193.0213473088598
9	94.0	1.0	86.0	1.0	77.0	1.0	7.0	461.6635007388337
10	58.0	0.0	48.0	0.0	21.0	1.0	11.0	30.948877482074202
11	98.0	1.0	96.0	1.0	52.0	1.0	8.0	251.54744289942877
12	99.0	1.0	76.0	1.0	68.0	1.0	5.0	174.93680147954518
66
587	233	220
12
1	88.0	1.0	81.0	1.0	48.0	1.0	11.0	168.99796201414844
2	85.0	0.0	69.0	0.0	24.0	1.0	12.0	60.865353651267405
3	82.0	0.0	78.0	0.0	28.0	1.0	9.0	95.54895177414957
4	77.0	1.0	75.0	1.0	64.0	1.0	12.0	222.6202357762731
5	98.0	1.0	89.0	1.0	73.0	1.0	12.0	260.39518590729335
6	71.0	0.0	63.0	0.0	20.0	1.0	20.0	52.27141556114654
7	91.0	0.0	89.0	0.0	32.0	1.0	9.0	192.20956212845059
8	79.0	1.0	61.0	1.0	47.0	1.0	7.0	126.9042743185962
9	47.0	0.0	28.0	1.0	22.0	1.0	8.0	13.799933066291254
10	96.0	0.0	68.0	1.0	46.0	1.0	8.0	105.40862104922294
11	67.0	1.0	41.0	1.0	40.0	1.0	13.0	73.23661565070834
12	100.0	0.0	33.0	1.0	22.0	1.0	12.0	46.371729371911094
67
587	233	220
12
1	99.0	1.0	62.0	1.0	57.0	1.0	8.0	255.58119642217883
2	73.0	1.0	68.0	1.0	54.0	1.0	13.0	275.02561077617474
3	90.0	1.0	73.0	1.0	56.0	1.0	10.0	326.0958592531506
4	75.0	0.0	44.0	1.0	33.0	1.0	8.0	44.62373126124073
5	58.0	1.0	41.0	1.0	31.0	1.0	10.0	33.18720871739562
6	95.0	1.0	83.0	1.0	58.0	1.0	9.0	280.35478152671726
7	91.0	1.0	62.0	1.0	61.0	1.0	9.0	250.07536769786688
8	91.0	0.0	64.0	1.0	45.0	1.0	13.0	81.53962565280561
9	95.0	1.0	73.0	1.0	72.0	1.0	7.0	209.17486524791957
10	92.0	0.0	36.0	1.0	22.0	1.0	10.0	37.68112677761882
11	92.0	0.0	36.0	1.0	33.0	1.0	10.0	33.90538109240161
12	98.0	0.0	60.0	1.0	48.0	1.0	9.0	108.90153190506042
68
587	233	220
12
1	56.0	0.0	24.0	1.0	24.0	1.0	9.0	15.168909630469473
2	67.0	1.0	65.0	1.0	38.0	1.0	14.0	61.367480232658785
3	75.0	1.0	73.0	1.0	57.0	1.0	14.0	161.3975420803267
4	92.0	1.0	87.0	1.0	52.0	1.0	10.0	275.0619732488556
5	72.0	1.0	70.0	1.0	54.0	1.0	12.0	121.30939474129949
6	64.0	1.0	51.0	1.0	44.0	1.0	8.0	60.228193362969925
7	86.0	0.0	63.0	1.0	32.0	1.0	8.0	95.0238179085572
8	71.0	1.0	63.0	1.0	61.0	1.0	10.0	131.04512647446128
9	64.0	0.0	41.0	1.0	27.0	1.0	8.0	21.626670579551956
10	92.0	1.0	71.0	1.0	56.0	1.0	16.0	169.76244316675908
11	69.0	0.0	60.0	0.0	26.0	1.0	14.0	52.94802853426616
12	88.0	1.0	64.0	1.0	48.0	1.0	9.0	109.36070353442838
69
587	233	220
12
1	81.0	1.0	77.0	1.0	50.0	1.0	9.0	231.27867941411745
2	94.0	0.0	81.0	1.0	42.0	1.0	12.0	133.15645700135414
3	95.0	1.0	71.0	1.0	59.0	1.0	4.0	297.1034016434721
4	100.0	1.0	79.0	1.0	77.0	1.0	6.0	249.86989653362866
5	76.0	0.0	74.0	0.0	20.0	1.0	12.0	86.66164266423061
6	81.0	0.0	76.0	0.0	35.0	1.0	15.0	91.85106980180187
7	85.0	0.0	39.0	1.0	36.0	1.0	15.0	97.77257474248925
8	87.0	0.0	67.0	0.0	22.0	1.0	10.0	94.85185728369059
9	98.0	1.0	78.0	1.0	61.0	1.0	10.0	160.75678416781034
10	70.0	1.0	42.0	1.0	42.0	1.0	8.0	57.16596405776153
11	97.0	1.0	68.0	1.0	54.0	1.0	10.0	288.0212388702462
12	94.0	0.0	65.0	0.0	25.0	1.0	7.0	96.15229889860223
70
587	233	220
12
1	89.0	1.0	87.0	1.0	60.0	1.0	8.0	267.9383953431281
2	62.0	0.0	27.0	1.0	23.0	1.0	10.0	25.943710390027515
3	66.0	0.0	43.0	0.0	20.0	1.0	14.0	49.26767894152261
4	81.0	1.0	72.0	1.0	66.0	1.0	5.0	197.37558703334784
5	54.0	0.0	41.0	1.0	21.0	1.0	15.0	22.8914700301104
6	77.0	0.0	39.0	1.0	31.0	1.0	17.0	60.558575085259655
7	94.0	1.0	92.0	1.0	53.0	1.0	16.0	285.7379486679886
8	88.0	0.0	28.0	1.0	21.0	1.0	9.0	51.1870653304609
9	73.0	0.0	67.0	0.0	26.0	1.0	5.0	56.682866898045276
10	78.0	1.0	49.0	1.0	47.0	1.0	14.0	145.14488025815615
11	97.0	1.0	87.0	1.0	59.0	1.0	18.0	337.62749812478245
12	62.0	0.0	50.0	1.0	26.0	1.0	13.0	45.2956370146455
71
587	233	220
12
1	95.0	0.0	92.0	0.0	24.0	1.0	13.0	99.22074296056944
2	91.0	0.0	53.0	0.0	26.0	1.0	16.0	89.14197696402728
3	91.0	1.0	75.0	1.0	55.0	1.0	16.0	192.2292753639298
4	87.0	1.0	67.0	1.0	49.0	1.0	11.0	118.50028959851628
5	86.0	0.0	59.0	1.0	42.0	1.0	19.0	179.41615704929515
6	90.0	0.0	40.0	0.0	20.0	1.0	11.0	29.40985676889117
7	76.0	0.0	58.0	0.0	20.0	1.0	16.0	80.23446907715285
8	100.0	0.0	96.0	0.0	21.0	1.0	12.0	163.66419233579248
9	67.0	0.0	49.0	0.0	20.0	1.0	13.0	41.82824861982912
10	57.0	1.0	47.0	1.0	36.0	1.0	17.0	55.00343543881966
11	100.0	0.0	79.0	0.0	21.0	1.0	16.0	66.49245459950855
12	85.0	0.0	54.0	1.0	39.0	1.0	13.0	150.8037967440765
72
587	233	220
12
1	75.0	0.0	58.0	1.0	37.0	1.0	9.0	93.67668146255835
2	85.0	0.0	44.0	1.0	27.0	1.0	10.0	60.481841053562114
3	85.0	1.0	65.0	1.0	44.0	1.0	13.0	155.56494575667517
4	96.0	0.0	86.0	0.0	43.0	1.0	8.0	152.38297933995437
5	85.0	0.0	53.0	1.0	41.0	1.0	17.0	87.8744425322929
6	92.0	0.0	89.0	0.0	43.0	1.0	11.0	347.4785023928378
7	68.0	1.0	42.0	1.0	35.0	1.0	25.0	41.237790922049506
8	67.0	0.0	38.0	1.0	21.0	1.0	13.0	38.30014688055797
9	98.0	0.0	81.0	1.0	42.0	1.0	13.0	221.17487160110824
10	95.0	0.0	72.0	0.0	28.0	1.0	12.0	68.6031353444374
11	64.0	1.0	56.0	1.0	37.0	1.0	15.0	97.75457721021208
12	86.0	0.0	68.0	0.0	28.0	1.0	17.0	85.2027496254097
73
587	233	220
12
1	78.0	1.0	78.0	1.0	51.0	1.0	10.0	160.18248432884906
2	81.0	0.0	63.0	1.0	36.0	1.0	13.0	77.36880080795598
3	92.0	0.0	88.0	0.0	44.0	1.0	10.0	127.24126444902008
4	74.0	0.0	43.0	1.0	26.0	1.0	8.0	52.537261394877504
5	75.0	1.0	58.0	1.0	50.0	1.0	9.0	112.98446385203472
6	95.0	1.0	77.0	1.0	67.0	1.0	8.0	302.4539497118867
7	82.0	1.0	68.0	1.0	67.0	1.0	9.0	216.9651503992378
8	68.0	1.0	60.0	1.0	40.0	1.0	5.0	52.91687216697762
9	95.0	0.0	68.0	1.0	47.0	1.0	9.0	146.10221533484923
10	92.0	1.0	54.0	1.0	50.0	1.0	12.0	76.8641394428978
11	84.0	0.0	77.0	0.0	28.0	1.0	5.0	152.10123481354245
12	96.0	1.0	95.0	1.0	57.0	1.0	7.0	236.2079482806555
74
587	233	220
12
1	80.0	1.0	78.0	1.0	41.0	1.0	10.0	171.6633002679625
2	44.0	1.0	38.0	1.0	32.0	1.0	9.0	28.049636381009112
3	87.0	1.0	57.0	1.0	55.0	1.0	15.0	145.77187465169806
4	89.0	0.0	67.0	1.0	42.0	1.0	8.0	106.65153176524021
5	46.0	1.0	28.0	1.0	24.0	1.0	8.0	27.914266858876076
6	79.0	0.0	58.0	1.0	39.0	1.0	4.0	99.94878725469373
7	89.0	1.0	61.0	1.0	53.0	1.0	12.0	140.94198292470548
8	89.0	1.0	78.0	1.0	76.0	1.0	13.0	262.14735497188195
9	71.0	0.0	35.0	1.0	23.0	1.0	8.0	37.302010199233045
10	96.0	0.0	75.0	0.0	26.0	1.0	10.0	75.23560314438444
11	76.0	0.0	54.0	0.0	22.0	1.0	14.0	65.81118385440048
12	97.0	1.0	80.0	1.0	49.0	1.0	16.0	204.1958092872428
75
587	233	220
12
1	98.0	0.0	51.0	1.0	41.0	1.0	8.0	103.26571152706892
2	78.0	1.0	67.0	1.0	53.0	1.0	10.0	207.7876060580285
3	86.0	0.0	29.0	1.0	22.0	1.0	9.0	38.9629199377065
4	91.0	0.0	72.0	0.0	31.0	1.0	14.0	114.57808065843011
5	68.0	1.0	46.0	1.0	40.0	1.0	12.0	69.47567545809795
6	81.0	1.0	70.0	1.0	47.0	1.0	9.0	174.56976506570294
7	99.0	0.0	95.0	0.0	47.0	1.0	15.0	238.21440396020282
8	60.0	1.0	39.0	1.0	31.0	1.0	10.0	30.114266001796416
9	99.0	0.0	75.0	1.0	40.0	1.0	12.0	220.88830655272605
10	88.0	0.0	49.0	1.0	43.0	1.0	19.0	95.46800824827339
11	66.0	1.0	61.0	1.0	54.0	1.0	11.0	128.5704438472262
12	82.0	1.0	62.0	1.0	45.0	1.0	7.0	132.69618813222075
76
587	233	220
12
1	46.0	0.0	24.0	1.0	22.0	1.0	16.0	10.711748864074044
2	96.0	0.0	59.0	1.0	47.0	1.0	14.0	215.96144335501145
3	100.0	0.0	65.0	0.0	28.0	1.0	20.0	105.46829872715806
4	55.0	1.0	50.0	1.0	33.0	1.0	22.0	41.08886696503261
5	63.0	1.0	57.0	1.0	37.0	1.0	12.0	49.639266186912614
6	99.0	0.0	32.0	1.0	29.0	1.0	19.0	46.37839159332732
7	91.0	1.0	59.0	1.0	59.0	1.0	13.0	118.45482404297694
8	93.0	0.0	91.0	0.0	28.0	1.0	22.0	144.68981678096358
9	41.0	1.0	39.0	1.0	36.0	1.0	11.0	41.21568093367567
10	87.0	0.0	39.0	1.0	29.0	1.0	14.0	32.743638543093944
11	99.0	0.0	75.0	0.0	25.0	1.0	20.0	91.24822638889657
12	94.0	0.0	58.0	0.0	21.0	1.0	16.0	46.52467452915358
77
587	233	220
12
1	98.0	0.0	67.0	1.0	34.0	1.0	12.0	108.28645205859324
2	40.0	0.0	21.0	1.0	20.0	1.0	15.0	12.793394393786036
3	93.0	1.0	88.0	1.0	65.0	1.0	16.0	305.7181963046599
4	61.0	1.0	44.0	1.0	36.0	1.0	10.0	36.42979363502554
5	92.0	1.0	55.0	1.0	52.0	1.0	16.0	154.87348624962777
6	74.0	1.0	50.0	1.0	44.0	1.0	13.0	59.315326745428685
7	59.0	0.0	44.0	0.0	20.0	1.0	15.0	24.582879734253414
8	76.0	1.0	69.0	1.0	62.0	1.0	12.0	122.52634250058341
9	51.0	0.0	32.0	1.0	25.0	1.0	13.0	21.164336084482347
10	96.0	0.0	65.0	0.0	31.0	1.0	11.0	168.84551846385546
11	72.0	0.0	55.0	0.0	21.0	1.0	18.0	35.26827905333981
12	90.0	0.0	54.0	1.0	35.0	1.0	14.0	115.50255033580757
78
587	233	220
12
1	100.0	0.0	93.0	0.0	37.0	1.0	14.0	165.19391986293263
2	47.0	1.0	36.0	1.0	33.0	1.0	11.0	25.70850169550655
3	74.0	0.0	29.0	1.0	20.0	1.0	10.0	31.133935120849785
4	87.0	0.0	50.0	1.0	30.0	1.0	7.0	78.36844210830742
5	90.0	0.0	85.0	0.0	28.0	1.0	9.0	116.81117348246526
6	100.0	1.0	87.0	1.0	59.0	1.0	13.0	245.24790350638935
7	99.0	1.0	76.0	1.0	59.0	1.0	14.0	439.14523720517565
8	73.0	0.0	60.0	1.0	36.0	1.0	6.0	80.50252919773409
9	84.0	0.0	70.0	0.0	29.0	1.0	14.0	105.97482531549525
10	94.0	0.0	90.0	0.0	32.0	1.0	2.0	156.4759246558744
11	86.0	1.0	68.0	1.0	50.0	1.0	10.0	148.0030486932729
12	81.0	0.0	47.0	1.0	31.0	1.0	11.0	60.601607965675925
79
587	233	220
12
1	68.0	1.0	44.0	1.0	36.0	1.0	16.0	55.83768437641236
2	64.0	0.0	60.0	0.0	30.0	1.0	16.0	54.12362262546744
3	87.0	0.0	70.0	0.0	26.0	1.0	23.0	86.15132450801063
4	55.0	0.0	33.0	1.0	22.0	1.0	19.0	23.739491572709948
5	72.0	0.0	66.0	1.0	35.0	1.0	17.0	184.50752491022382
6	34.0	1.0	28.0	1.0	20.0	1.0	26.0	9.464896481924617
7	96.0	0.0	55.0	1.0	45.0	1.0	25.0	150.67577158590493
8	100.0	0.0	58.0	1.0	43.0	1.0	15.0	162.618536311111
9	95.0	0.0	65.0	1.0	41.0	1.0	17.0	155.95342569133837
10	81.0	0.0	55.0	1.0	33.0	1.0	18.0	73.44719529473475
11	45.0	1.0	41.0	1.0	23.0	1.0	14.0	20.1409457214474
12	63.0	0.0	37.0	1.0	26.0	1.0	25.0	30.222860820801166
80
587	233	220
12
1	60.0	1.0	45.0	1.0	42.0	1.0	11.0	63.59084440976073
2	89.0	1.0	60.0	1.0	60.0	1.0	12.0	198.21114896906494
3	91.0	0.0	42.0	1.0	32.0	1.0	10.0	82.26120095208138
4	61.0	1.0	40.0	1.0	38.0	1.0	15.0	56.214471558471175
5	95.0	0.0	51.0	1.0	26.0	1.0	10.0	73.38148404944045
6	71.0	1.0	69.0	1.0	47.0	1.0	19.0	167.04187568353262
7	79.0	1.0	75.0	1.0	57.0	1.0	10.0	196.82037409503928
8	86.0	0.0	67.0	0.0	28.0	1.0	9.0	94.71364417833068
9	77.0	1.0	52.0	1.0	47.0	1.0	12.0	64.50013342513904
10	64.0	1.0	60.0	1.0	39.0	1.0	11.0	114.04797903061583
11	76.0	0.0	48.0	1.0	31.0	1.0	8.0	55.36606747669639
12	92.0	1.0	88.0	1.0	73.0	1.0	12.0	208.9459629106543
81
587	233	220
12
1	77.0	0.0	45.0	1.0	33.0	1.0	17.0	111.3210597954631
2	87.0	0.0	59.0	1.0	41.0	1.0	13.0	101.55707912604446
3	90.0	1.0	82.0	1.0	52.0	1.0	16.0	182.48853093717418
4	83.0	0.0	36.0	1.0	20.0	1.0	8.0	27.458183122903257
5	66.0	0.0	45.0	0.0	22.0	1.0	5.0	30.979785703687856
6	81.0	1.0	43.0	1.0	42.0	1.0	9.0	52.622337303198016
7	77.0	0.0	75.0	1.0	38.0	1.0	18.0	203.01454052363948
8	84.0	1.0	77.0	1.0	71.0	1.0	10.0	353.17127723489966
9	73.0	1.0	49.0	1.0	49.0	1.0	11.0	60.84383124008703
10	96.0	0.0	21.0	1.0	20.0	1.0	15.0	21.596095164726748
11	80.0	0.0	38.0	1.0	32.0	1.0	13.0	56.522408881879315
12	96.0	1.0	85.0	1.0	77.0	1.0	7.0	465.23377712652916
82
587	233	220
12
1	83.0	0.0	32.0	1.0	24.0	1.0	15.0	29.03831305812062
2	79.0	1.0	61.0	1.0	61.0	1.0	12.0	246.25101823801032
3	71.0	0.0	48.0	0.0	21.0	1.0	14.0	38.6028601911666
4	97.0	0.0	95.0	0.0	24.0	1.0	10.0	67.86938352916049
5	89.0	0.0	69.0	0.0	25.0	1.0	18.0	156.57730685735402
6	64.0	1.0	61.0	1.0	46.0	1.0	9.0	145.57979384573295
7	81.0	0.0	66.0	0.0	24.0	1.0	13.0	105.6305845694537
8	79.0	1.0	68.0	1.0	44.0	1.0	14.0	207.2989937052007
9	87.0	0.0	50.0	0.0	20.0	1.0	10.0	41.688654548178526
10	69.0	1.0	68.0	1.0	48.0	1.0	10.0	119.90431046127469
11	86.0	1.0	69.0	1.0	68.0	1.0	11.0	146.7322104254262
12	98.0	1.0	69.0	1.0	60.0	1.0	13.0	195.87085680131258
83
587	233	220
12
1	49.0	1.0	46.0	1.0	41.0	1.0	8.0	32.574725579466524
2	100.0	1.0	85.0	1.0	58.0	1.0	13.0	375.65505414404663
3	89.0	1.0	73.0	1.0	57.0	1.0	12.0	212.21317878813767
4	58.0	1.0	49.0	1.0	49.0	1.0	18.0	74.72303350518253
5	61.0	0.0	43.0	1.0	30.0	1.0	11.0	30.324262344644247
6	74.0	0.0	27.0	1.0	26.0	1.0	12.0	23.750442345304915
7	92.0	0.0	79.0	1.0	45.0	1.0	12.0	213.45453152522828
8	75.0	1.0	71.0	1.0	46.0	1.0	11.0	191.34618300690713
9	92.0	0.0	33.0	1.0	20.0	1.0	9.0	19.29964908456637
10	79.0	1.0	66.0	1.0	63.0	1.0	14.0	191.25258785470223
11	44.0	1.0	43.0	1.0	42.0	1.0	11.0	43.78003835136566
12	100.0	0.0	58.0	0.0	28.0	1.0	11.0	89.94106493931972
84
587	233	220
12
1	81.0	1.0	69.0	1.0	64.0	1.0	6.0	335.0451963556888
2	74.0	1.0	70.0	1.0	62.0	1.0	7.0	187.71940776920482
3	95.0	0.0	29.0	1.0	23.0	1.0	16.0	24.948033655993964
4	91.0	0.0	90.0	0.0	32.0	1.0	8.0	231.5032130053775
5	83.0	1.0	62.0	1.0	60.0	1.0	10.0	246.13854507461062
6	91.0	0.0	67.0	0.0	29.0	1.0	8.0	163.11675553287878
7	80.0	0.0	43.0	1.0	27.0	1.0	16.0	43.99503031858484
8	59.0	0.0	58.0	0.0	29.0	1.0	7.0	88.9993063395417
9	97.0	1.0	89.0	1.0	68.0	1.0	11.0	356.40509367302974
10	93.0	1.0	80.0	1.0	49.0	1.0	8.0	262.8086947498923
11	86.0	0.0	82.0	0.0	25.0	1.0	6.0	130.11786647763753
12	94.0	1.0	92.0	1.0	90.0	1.0	7.0	585.2909518144253
85
587	233	220
12
1	78.0	0.0	38.0	1.0	32.0	1.0	16.0	51.446576757808025
2	98.0	0.0	36.0	1.0	20.0	1.0	22.0	43.31356608193051
3	81.0	0.0	66.0	0.0	26.0	1.0	19.0	79.89134150603799
4	90.0	0.0	58.0	0.0	27.0	1.0	17.0	52.12969401163073
5	68.0	0.0	63.0	0.0	22.0	1.0	12.0	62.28977589212381
6	72.0	1.0	60.0	1.0	48.0	1.0	19.0	118.82227357402687
7	77.0	1.0	55.0	1.0	51.0	1.0	20.0	105.15460640321396
8	67.0	0.0	54.0	1.0	32.0	1.0	14.0	77.90127435918967
9	58.0	1.0	54.0	1.0	30.0	1.0	14.0	42.975438422581696
10	74.0	1.0	66.0	1.0	46.0	1.0	19.0	81.10066130611827
11	92.0	0.0	56.0	1.0	33.0	1.0	13.0	90.72198241776516
12	98.0	0.0	79.0	0.0	20.0	1.0	20.0	119.85715434751071
86
587	233	220
12
1	80.0	1.0	69.0	1.0	64.0	1.0	16.0	236.3687246432451
2	86.0	1.0	63.0	1.0	46.0	1.0	13.0	102.7584936524789
3	84.0	0.0	78.0	0.0	22.0	1.0	8.0	114.33704507892317
4	87.0	0.0	67.0	1.0	34.0	1.0	17.0	118.75563483445072
5	91.0	0.0	68.0	1.0	40.0	1.0	9.0	117.41698828238778
6	71.0	0.0	34.0	1.0	30.0	1.0	10.0	51.2396056116542
7	85.0	0.0	61.0	1.0	38.0	1.0	13.0	80.32486040182211
8	99.0	0.0	77.0	1.0	40.0	1.0	10.0	151.5730127077587
9	77.0	0.0	66.0	0.0	26.0	1.0	10.0	47.58863628320542
10	71.0	1.0	57.0	1.0	38.0	1.0	6.0	88.35460097706067
11	89.0	1.0	62.0	1.0	53.0	1.0	13.0	189.4760923518289
12	85.0	0.0	67.0	0.0	27.0	1.0	13.0	60.961678842419765
87
587	233	220
12
1	90.0	1.0	76.0	1.0	54.0	1.0	11.0	253.046649282835
2	72.0	0.0	66.0	0.0	22.0	1.0	14.0	54.40770508011413
3	64.0	0.0	39.0	1.0	25.0	1.0	17.0	28.120160870466176
4	57.0	1.0	48.0	1.0	31.0	1.0	12.0	61.42745315834514
5	79.0	0.0	46.0	1.0	39.0	1.0	10.0	76.83101224355552
6	56.0	1.0	53.0	1.0	48.0	1.0	19.0	94.9539713205305
7	51.0	1.0	46.0	1.0	45.0	1.0	17.0	78.55372002652281
8	86.0	1.0	47.0	1.0	46.0	1.0	14.0	68.52579266306493
9	93.0	0.0	86.0	0.0	31.0	1.0	14.0	110.16892409072909
10	87.0	1.0	67.0	1.0	66.0	1.0	16.0	205.44151717209212
11	69.0	1.0	63.0	1.0	36.0	1.0	13.0	109.1161195210644
12	95.0	0.0	70.0	1.0	38.0	1.0	9.0	125.44911701496866
88
587	233	220
12
1	88.0	0.0	54.0	1.0	43.0	1.0	9.0	182.48164275656583
2	85.0	0.0	31.0	1.0	25.0	1.0	15.0	55.34115246145192
3	99.0	0.0	25.0	1.0	25.0	1.0	16.0	27.36642893189036
4	100.0	0.0	52.0	1.0	47.0	1.0	22.0	204.44514493499275
5	72.0	0.0	49.0	0.0	20.0	1.0	18.0	37.48119779239091
6	67.0	0.0	58.0	0.0	25.0	1.0	10.0	44.59342664595544
7	91.0	0.0	74.0	0.0	24.0	1.0	13.0	77.00012094624827
8	93.0	0.0	44.0	0.0	21.0	1.0	15.0	35.47534903798509
9	94.0	0.0	61.0	1.0	36.0	1.0	11.0	107.88927354036628
10	90.0	0.0	54.0	1.0	28.0	1.0	13.0	44.39761278973133
11	98.0	1.0	93.0	1.0	65.0	1.0	15.0	579.8936692412706
12	71.0	0.0	65.0	0.0	32.0	1.0	15.0	117.0000558460242
89
587	233	220
12
1	84.0	1.0	77.0	1.0	55.0	1.0	10.0	129.2581341231897
2	91.0	1.0	88.0	1.0	58.0	1.0	11.0	205.94893110385854
3	100.0	0.0	67.0	1.0	40.0	1.0	12.0	119.713983835203
4	83.0	0.0	61.0	1.0	35.0	1.0	9.0	81.54878796682851
5	100.0	1.0	97.0	1.0	54.0	1.0	8.0	400.7276492375269
6	76.0	0.0	44.0	1.0	34.0	1.0	18.0	35.003641310349366
7	97.0	0.0	40.0	1.0	22.0	1.0	13.0	55.096445764403406
8	64.0	1.0	41.0	1.0	34.0	1.0	12.0	54.577028200843706
9	84.0	0.0	52.0	1.0	29.0	1.0	12.0	60.49696364658341
10	79.0	0.0	39.0	1.0	35.0	1.0	13.0	68.04590707317911
11	85.0	1.0	78.0	1.0	55.0	1.0	9.0	263.966795010979
12	71.0	0.0	47.0	1.0	30.0	1.0	19.0	40.57666051293477
90
587	233	220
12
1	95.0	1.0	74.0	1.0	53.0	1.0	12.0	123.9543574231383
2	90.0	0.0	77.0	1.0	39.0	1.0	10.0	219.82683888964107
3	83.0	0.0	67.0	0.0	24.0	1.0	7.0	75.75197692171935
4	100.0	1.0	85.0	1.0	68.0	1.0	12.0	213.96700396794648
5	91.0	0.0	70.0	0.0	34.0	1.0	6.0	114.39305284442419
6	50.0	0.0	43.0	1.0	25.0	1.0	15.0	32.57540389852684
7	80.0	1.0	74.0	1.0	54.0	1.0	11.0	138.77067162798653
8	100.0	0.0	73.0	0.0	21.0	1.0	11.0	77.32326197107483
9	81.0	1.0	66.0	1.0	47.0	1.0	6.0	223.4493170100083
10	81.0	1.0	55.0	1.0	53.0	1.0	18.0	114.10737014540122
11	88.0	0.0	39.0	1.0	27.0	1.0	10.0	36.641428202560455
12	71.0	0.0	47.0	0.0	20.0	1.0	12.0	27.787451523713447
91
587	233	220
12
1	64.0	1.0	59.0	1.0	37.0	1.0	5.0	80.09352580158883
2	73.0	1.0	71.0	1.0	63.0	1.0	5.0	139.68950629693566
3	100.0	1.0	92.0	1.0	78.0	1.0	16.0	375.5734974384911
4	99.0	0.0	50.0	1.0	27.0	1.0	8.0	67.59068012278868
5	52.0	0.0	41.0	1.0	25.0	1.0	6.0	30.110420629345267
6	84.0	1.0	58.0	1.0	51.0	1.0	12.0	114.85781706092807
7	85.0	1.0	78.0	1.0	51.0	1.0	12.0	194.93272143103994
8	88.0	0.0	51.0	1.0	28.0	1.0	10.0	59.63157158402847
9	64.0	1.0	44.0	1.0	40.0	1.0	8.0	79.65600925720246
10	62.0	1.0	52.0	1.0	42.0	1.0	10.0	73.03541597119583
11	97.0	1.0	59.0	1.0	55.0	1.0	9.0	119.32040629043817
12	63.0	0.0	61.0	0.0	29.0	1.0	13.0	86.99579317702846
92
587	233	220
12
1	70.0	1.0	61.0	1.0	51.0	1.0	8.0	89.78456385196392
2	47.0	1.0	40.0	1.0	27.0	1.0	7.0	25.774685952013954
3	100.0	0.0	48.0	1.0	40.0	1.0	11.0	91.16669245244458
4	73.0	0.0	39.0	1.0	22.0	1.0	10.0	25.822416986161453
5	75.0	0.0	64.0	0.0	22.0	1.0	15.0	45.510029850641516
6	91.0	1.0	78.0	1.0	67.0	1.0	13.0	277.1293494753811
7	90.0	1.0	74.0	1.0	73.0	1.0	16.0	286.1577496076501
8	93.0	1.0	87.0	1.0	51.0	1.0	11.0	165.48950780128988
9	63.0	0.0	49.0	0.0	24.0	1.0	15.0	26.89349113909764
10	82.0	0.0	66.0	0.0	24.0	1.0	13.0	51.70771712759795
11	61.0	1.0	56.0	1.0	49.0	1.0	8.0	81.11979144544031
12	51.0	0.0	44.0	0.0	22.0	1.0	13.0	25.293805261402916
93
587	233	220
12
1	63.0	0.0	60.0	0.0	24.0	1.0	16.0	58.61270372372834
2	66.0	1.0	59.0	1.0	53.0	1.0	5.0	117.1952123911714
3	81.0	1.0	61.0	1.0	56.0	1.0	7.0	210.31871087784415
4	66.0	0.0	27.0	1.0	22.0	1.0	9.0	30.012251163327424
5	100.0	1.0	96.0	1.0	85.0	1.0	10.0	427.22628021757595
6	93.0	0.0	50.0	0.0	24.0	1.0	3.0	42.899304380317815
7	91.0	1.0	89.0	1.0	65.0	1.0	13.0	303.48279544139143
8	83.0	0.0	71.0	1.0	36.0	1.0	13.0	87.14348031049067
9	69.0	1.0	61.0	1.0	40.0	1.0	7.0	87.8761943618564
10	79.0	1.0	73.0	1.0	55.0	1.0	5.0	176.4286305199251
11	69.0	0.0	57.0	0.0	23.0	1.0	5.0	61.39773622669314
12	93.0	0.0	88.0	0.0	44.0	1.0	11.0	274.84918943036104
94
587	233	220
12
1	90.0	0.0	80.0	0.0	30.0	1.0	9.0	212.16405619972247
2	95.0	0.0	84.0	0.0	37.0	1.0	14.0	194.8562953310565
3	93.0	0.0	57.0	1.0	36.0	1.0	11.0	87.90768401909793
4	84.0	0.0	24.0	1.0	22.0	1.0	17.0	31.064783503309027
5	99.0	0.0	94.0	0.0	27.0	1.0	7.0	152.21556973515416
6	25.0	1.0	25.0	1.0	20.0	1.0	12.0	6.774623677145754
7	89.0	0.0	67.0	0.0	29.0	1.0	10.0	65.7599560593401
8	94.0	0.0	55.0	1.0	36.0	1.0	13.0	172.83340490318238
9	75.0	1.0	72.0	1.0	44.0	1.0	10.0	193.64092053437517
10	100.0	0.0	88.0	0.0	40.0	1.0	13.0	158.3094738885673
11	75.0	1.0	42.0	1.0	39.0	1.0	8.0	90.32510788568999
12	93.0	1.0	89.0	1.0	78.0	1.0	11.0	277.5869271160964
95
587	233	220
12
1	54.0	0.0	42.0	1.0	26.0	1.0	11.0	45.51155140792271
2	91.0	0.0	87.0	0.0	30.0	1.0	18.0	191.2946762156504
3	83.0	0.0	45.0	1.0	40.0	1.0	14.0	86.09459872145975
4	80.0	0.0	59.0	1.0	30.0	1.0	17.0	78.25397545247718
5	84.0	1.0	72.0	1.0	52.0	1.0	14.0	184.8778830773264
6	93.0	0.0	77.0	0.0	24.0	1.0	8.0	84.7293797892097
7	76.0	1.0	65.0	1.0	56.0	1.0	19.0	98.90719327984037
8	93.0	1.0	52.0	1.0	47.0	1.0	14.0	188.78935104739202
9	70.0	0.0	26.0	1.0	21.0	1.0	12.0	21.396110425379028
10	66.0	1.0	55.0	1.0	34.0	1.0	20.0	50.08548880748795
11	75.0	0.0	34.0	1.0	28.0	1.0	18.0	34.01541374164089
12	78.0	0.0	67.0	0.0	29.0	1.0	14.0	69.31786024881833
96
587	233	220
12
1	62.0	1.0	57.0	1.0	37.0	1.0	8.0	77.63417194813049
2	66.0	0.0	49.0	1.0	31.0	1.0	13.0	44.82730362098602
3	93.0	0.0	53.0	1.0	39.0	1.0	8.0	89.83356468530674
4	91.0	0.0	50.0	1.0	30.0	1.0	11.0	68.12443767975365
5	93.0	1.0	81.0	1.0	56.0	1.0	6.0	312.88105218124235
6	78.0	1.0	68.0	1.0	40.0	1.0	11.0	194.83761929975287
7	64.0	1.0	52.0	1.0	35.0	1.0	9.0	44.90997046632519
8	88.0	1.0	88.0	1.0	82.0	1.0	14.0	556.8580375106742
9	89.0	0.0	41.0	1.0	40.0	1.0	12.0	67.80641275691147
10	91.0	0.0	37.0	1.0	33.0	1.0	14.0	53.797651645809495
11	93.0	0.0	63.0	1.0	45.0	1.0	11.0	101.4355561340019
12	99.0	0.0	91.0	0.0	34.0	1.0	12.0	185.47902680315255
97
587	233	220
12
1	74.0	0.0	67.0	1.0	37.0	1.0	11.0	130.00649021121347
2	60.0	0.0	45.0	1.0	26.0	1.0	14.0	25.91878899501326
3	59.0	1.0	52.0	1.0	37.0	1.0	9.0	81.57170590241705
4	100.0	0.0	62.0	1.0	48.0	1.0	14.0	152.6045685846804
5	69.0	0.0	48.0	1.0	30.0	1.0	14.0	35.127341049500224
6	97.0	1.0	89.0	1.0	49.0	1.0	17.0	363.8438544165043
7	62.0	1.0	39.0	1.0	38.0	1.0	15.0	44.73767132821479
8	92.0	0.0	23.0	1.0	20.0	1.0	24.0	31.111348177076078
9	91.0	1.0	65.0	1.0	62.0	1.0	12.0	204.9480449006913
10	94.0	1.0	58.0	1.0	56.0	1.0	11.0	159.5153291535436
11	77.0	0.0	37.0	1.0	21.0	1.0	19.0	23.172465338219148
12	81.0	0.0	40.0	1.0	35.0	1.0	17.0	44.29291292989312
98
587	233	220
12
1	93.0	0.0	75.0	1.0	38.0	1.0	11.0	95.21674623998672
2	86.0	1.0	57.0	1.0	51.0	1.0	15.0	152.03842383948032
3	71.0	0.0	64.0	0.0	24.0	1.0	14.0	48.882288752475446
4	60.0	0.0	54.0	0.0	26.0	1.0	7.0	58.18810544846956
5	61.0	1.0	61.0	1.0	45.0	1.0	12.0	83.12420434806286
6	64.0	0.0	53.0	1.0	27.0	1.0	15.0	60.05273070837543
7	99.0	0.0	75.0	0.0	28.0	1.0	13.0	95.28236842098049
8	89.0	1.0	49.0	1.0	48.0	1.0	14.0	112.02739517980376
9	82.0	1.0	56.0	1.0	53.0	1.0	12.0	90.9384882322193
10	71.0	0.0	36.0	1.0	27.0	1.0	6.0	30.909417917042664
11	79.0	0.0	35.0	1.0	24.0	1.0	15.0	44.22855953004872
12	87.0	1.0	78.0	1.0	61.0	1.0	19.0	327.93722245338694
99
587	233	220
12
1	62.0	0.0	58.0	0.0	25.0	1.0	9.0	57.03280440186298
2	85.0	1.0	81.0	1.0	57.0	1.0	14.0	152.21520435703852
3	93.0	1.0	67.0	1.0	58.0	1.0	16.0	162.78406952119187
4	94.0	0.0	54.0	0.0	21.0	1.0	10.0	68.58308144698621
5	92.0	1.0	87.0	1.0	72.0	1.0	9.0	443.50579775078603
6	71.0	0.0	49.0	0.0	20.0	1.0	12.0	26.147756384268064
7	95.0	0.0	81.0	1.0	41.0	1.0	12.0	163.37854930083
8	86.0	0.0	48.0	1.0	35.0	1.0	11.0	125.32191155870953
9	91.0	0.0	44.0	0.0	22.0	1.0	10.0	68.15092520236372
10	81.0	0.0	56.0	1.0	29.0	1.0	8.0	52.82858431900922
11	92.0	0.0	78.0	0.0	29.0	1.0	7.0	146.52088192773147
12	75.0	0.0	64.0	1.0	35.0	1.0	11.0	111.55596068761363
100
587	233	220
12
1	69.0	1.0	46.0	1.0	41.0	1.0	16.0	75.73740064789871
2	100.0	0.0	37.0	1.0	22.0	1.0	17.0	48.540017636419485
3	87.0	0.0	69.0	1.0	39.0	1.0	24.0	100.71957970545854
4	96.0	0.0	49.0	1.0	27.0	1.0	23.0	70.83925891424774
5	87.0	0.0	73.0	0.0	31.0	1.0	22.0	98.54075955433021
6	53.0	1.0	32.0	1.0	28.0	1.0	18.0	18.957644772072857
7	100.0	0.0	72.0	0.0	32.0	1.0	23.0	72.01885186701018
8	64.0	0.0	30.0	1.0	29.0	1.0	25.0	45.376177213265954
9	51.0	1.0	47.0	1.0	26.0	1.0	22.0	37.020216812544774
10	95.0	0.0	42.0	1.0	30.0	1.0	25.0	51.87622733632077
11	78.0	0.0	28.0	1.0	26.0	1.0	23.0	19.973260933231526
12	37.0	1.0	26.0	1.0	22.0	1.0	23.0	13.980310290950293
