1
587	233	220
15
1	77.0	1.0	75.0	1.0	54.0	1.0	11.0	136.5138741024422
2	43.0	1.0	42.0	1.0	41.0	1.0	12.0	29.55699870280299
3	91.0	0.0	89.0	0.0	22.0	1.0	18.0	100.57021991289652
4	56.0	1.0	52.0	1.0	30.0	1.0	8.0	46.71382736492476
5	98.0	1.0	91.0	1.0	59.0	1.0	8.0	357.0969210156748
6	72.0	1.0	42.0	1.0	39.0	1.0	11.0	61.06964888791567
7	99.0	0.0	82.0	0.0	40.0	1.0	11.0	146.04389559672893
8	46.0	1.0	36.0	1.0	27.0	1.0	11.0	22.105248154398044
9	92.0	1.0	90.0	1.0	57.0	1.0	7.0	210.1556952037256
10	89.0	0.0	65.0	0.0	25.0	1.0	8.0	87.30312611526631
11	62.0	1.0	45.0	1.0	32.0	1.0	12.0	46.66267661009981
12	98.0	0.0	30.0	1.0	29.0	1.0	7.0	42.26801978404411
13	56.0	1.0	40.0	1.0	34.0	1.0	13.0	26.10671333035106
14	87.0	0.0	49.0	1.0	37.0	1.0	12.0	47.3291209924176
15	80.0	1.0	80.0	1.0	51.0	1.0	10.0	268.1503710799664
2
587	233	220
15
1	69.0	0.0	39.0	1.0	21.0	1.0	12.0	22.48239720757718
2	55.0	1.0	41.0	1.0	30.0	1.0	16.0	53.19959561721064
3	92.0	0.0	77.0	0.0	37.0	1.0	12.0	87.7084847343036
4	100.0	1.0	55.0	1.0	51.0	1.0	8.0	150.44931949267712
5	68.0	0.0	67.0	0.0	23.0	1.0	14.0	95.53937423036895
6	80.0	1.0	73.0	1.0	52.0	1.0	10.0	202.59849497112222
7	72.0	0.0	42.0	1.0	25.0	1.0	14.0	36.739126103598096
8	92.0	0.0	77.0	1.0	42.0	1.0	4.0	238.27314571302077
9	79.0	1.0	74.0	1.0	64.0	1.0	7.0	249.61574635961736
10	94.0	0.0	53.0	1.0	45.0	1.0	8.0	158.47048493062755
11	97.0	0.0	84.0	0.0	41.0	1.0	12.0	179.94618734393313
12	100.0	0.0	59.0	1.0	48.0	1.0	13.0	204.03796753179583
13	73.0	0.0	49.0	1.0	32.0	1.0	10.0	63.55870254515846
14	72.0	1.0	61.0	1.0	55.0	1.0	9.0	93.61497468883742
15	75.0	0.0	33.0	1.0	26.0	1.0	11.0	50.94970441808154
3
587	233	220
15
1	87.0	0.0	83.0	0.0	24.0	1.0	9.0	127.61897530385208
2	52.0	0.0	31.0	1.0	22.0	1.0	14.0	18.380621348193895
3	91.0	1.0	61.0	1.0	49.0	1.0	14.0	145.69423004661985
4	65.0	1.0	58.0	1.0	41.0	1.0	9.0	117.57140590095376
5	52.0	0.0	35.0	1.0	24.0	1.0	7.0	21.317050639184544
6	90.0	0.0	46.0	1.0	41.0	1.0	9.0	83.38248582782317
7	97.0	1.0	88.0	1.0	84.0	1.0	4.0	390.4629285519896
8	58.0	1.0	55.0	1.0	51.0	1.0	12.0	134.57562849954724
9	35.0	1.0	28.0	1.0	20.0	1.0	14.0	14.848767346820019
10	98.0	1.0	95.0	1.0	53.0	1.0	8.0	220.41392784073093
11	94.0	1.0	55.0	1.0	51.0	1.0	5.0	141.16378825912193
12	92.0	0.0	71.0	0.0	29.0	1.0	15.0	84.08119281088196
13	62.0	1.0	59.0	1.0	58.0	1.0	12.0	102.71938092950846
14	75.0	1.0	65.0	1.0	49.0	1.0	17.0	151.5558538743879
15	80.0	0.0	37.0	1.0	35.0	1.0	8.0	67.14817544469176
4
587	233	220
15
1	61.0	1.0	52.0	1.0	44.0	1.0	12.0	46.83390997070481
2	52.0	0.0	23.0	1.0	22.0	1.0	14.0	9.654690186601133
3	93.0	0.0	86.0	0.0	31.0	1.0	16.0	107.63462660457996
4	93.0	0.0	26.0	1.0	21.0	1.0	7.0	27.160613858361042
5	91.0	1.0	59.0	1.0	56.0	1.0	11.0	149.62224094165896
6	71.0	0.0	41.0	0.0	20.0	1.0	12.0	40.3356410300593
7	83.0	0.0	44.0	1.0	29.0	1.0	13.0	58.62916090061441
8	94.0	1.0	93.0	1.0	65.0	1.0	8.0	275.61687579221484
9	92.0	0.0	54.0	1.0	45.0	1.0	2.0	200.49428430657383
10	89.0	1.0	80.0	1.0	66.0	1.0	6.0	284.41444398379764
11	63.0	1.0	44.0	1.0	43.0	1.0	8.0	43.705780129110764
12	85.0	1.0	77.0	1.0	50.0	1.0	10.0	169.38028225754326
13	95.0	1.0	92.0	1.0	48.0	1.0	10.0	284.74314517168625
14	88.0	0.0	69.0	0.0	22.0	1.0	9.0	88.00227457746178
15	77.0	0.0	45.0	1.0	25.0	1.0	7.0	59.10984986531147
5
587	233	220
15
1	95.0	0.0	51.0	1.0	45.0	1.0	6.0	86.67559196555416
2	81.0	0.0	35.0	1.0	32.0	1.0	8.0	75.45975647176141
3	51.0	0.0	42.0	0.0	21.0	1.0	10.0	15.805289586341592
4	76.0	0.0	69.0	0.0	20.0	1.0	5.0	48.64835939434941
5	68.0	1.0	54.0	1.0	37.0	1.0	9.0	59.108137911889514
6	90.0	1.0	74.0	1.0	55.0	1.0	11.0	174.59622827567622
7	79.0	1.0	64.0	1.0	52.0	1.0	13.0	212.1768837048735
8	79.0	1.0	57.0	1.0	48.0	1.0	5.0	107.39123289676391
9	96.0	0.0	79.0	1.0	41.0	1.0	6.0	137.79929947735582
10	97.0	0.0	69.0	1.0	41.0	1.0	11.0	172.38422291863122
11	84.0	0.0	74.0	0.0	30.0	1.0	9.0	101.7671575687613
12	83.0	1.0	67.0	1.0	48.0	1.0	5.0	156.56983902342594
13	92.0	0.0	88.0	0.0	27.0	1.0	11.0	103.84063516963825
14	93.0	1.0	80.0	1.0	66.0	1.0	7.0	330.2444526733538
15	97.0	0.0	72.0	1.0	46.0	1.0	11.0	103.95929435174638
6
587	233	220
15
1	82.0	0.0	70.0	1.0	38.0	1.0	13.0	88.63811363474298
2	87.0	0.0	84.0	0.0	27.0	1.0	6.0	83.97805018822918
3	100.0	0.0	58.0	1.0	48.0	1.0	5.0	97.93277840085122
4	90.0	1.0	86.0	1.0	58.0	1.0	8.0	253.61256103610714
5	98.0	0.0	88.0	0.0	21.0	1.0	8.0	94.8250616619003
6	47.0	1.0	38.0	1.0	24.0	1.0	13.0	30.235300658041243
7	100.0	1.0	82.0	1.0	60.0	1.0	9.0	301.0604596375646
8	47.0	1.0	28.0	1.0	24.0	1.0	7.0	26.782543825134045
9	64.0	1.0	49.0	1.0	48.0	1.0	6.0	147.706720929897
10	97.0	0.0	65.0	1.0	35.0	1.0	6.0	136.54488704273916
11	67.0	1.0	63.0	1.0	42.0	1.0	6.0	128.87352149989107
12	84.0	0.0	73.0	0.0	30.0	1.0	9.0	101.92013315024039
13	72.0	1.0	48.0	1.0	43.0	1.0	12.0	113.69512838816422
14	95.0	0.0	64.0	0.0	23.0	1.0	9.0	65.89374577557415
15	97.0	1.0	87.0	1.0	73.0	1.0	10.0	401.88696364886744
7
587	233	220
15
1	100.0	0.0	55.0	1.0	39.0	1.0	5.0	144.89021675728102
2	92.0	0.0	68.0	0.0	25.0	1.0	8.0	67.51652485183608
3	29.0	1.0	26.0	1.0	23.0	1.0	9.0	10.036664412069511
4	91.0	1.0	87.0	1.0	72.0	1.0	11.0	352.22240115183723
5	78.0	1.0	58.0	1.0	43.0	1.0	8.0	134.57046394511167
6	94.0	0.0	75.0	0.0	21.0	1.0	10.0	101.37102113800012
7	74.0	1.0	60.0	1.0	40.0	1.0	8.0	149.02885222111559
8	96.0	1.0	91.0	1.0	71.0	1.0	7.0	273.26637502910864
9	68.0	0.0	34.0	1.0	29.0	1.0	8.0	45.94502212804048
10	95.0	0.0	58.0	0.0	20.0	1.0	14.0	34.03747642816936
11	84.0	1.0	67.0	1.0	50.0	1.0	11.0	131.56041832739737
12	90.0	0.0	85.0	0.0	22.0	1.0	8.0	87.03578942025048
13	95.0	0.0	70.0	0.0	28.0	1.0	7.0	119.52776966036694
14	76.0	0.0	66.0	0.0	33.0	1.0	7.0	101.11291152016126
15	86.0	1.0	70.0	1.0	57.0	1.0	10.0	191.60842311425628
8
587	233	220
15
1	70.0	0.0	37.0	1.0	24.0	1.0	10.0	43.000147772877156
2	84.0	0.0	68.0	1.0	41.0	1.0	5.0	177.31252211264143
3	86.0	1.0	61.0	1.0	56.0	1.0	10.0	279.9508584847309
4	64.0	1.0	58.0	1.0	57.0	1.0	7.0	161.1338611278323
5	75.0	0.0	54.0	1.0	34.0	1.0	12.0	91.82246114577363
6	88.0	1.0	87.0	1.0	76.0	1.0	6.0	221.81520465997974
7	83.0	1.0	78.0	1.0	72.0	1.0	7.0	224.3130052247686
8	96.0	1.0	82.0	1.0	67.0	1.0	8.0	408.74722965981493
9	67.0	1.0	62.0	1.0	37.0	1.0	4.0	85.1969637385608
10	90.0	1.0	87.0	1.0	47.0	1.0	7.0	127.17832892233977
11	95.0	1.0	81.0	1.0	73.0	1.0	10.0	279.8795404768683
12	94.0	0.0	56.0	0.0	25.0	1.0	7.0	51.856028476052686
13	45.0	0.0	41.0	1.0	21.0	1.0	7.0	25.85199923668524
14	38.0	1.0	26.0	1.0	23.0	1.0	7.0	12.606448954284913
15	89.0	0.0	41.0	1.0	29.0	1.0	8.0	63.73344557553503
9
587	233	220
15
1	74.0	0.0	69.0	0.0	25.0	1.0	11.0	70.56777058635808
2	45.0	1.0	44.0	1.0	39.0	1.0	11.0	33.316518229581
3	86.0	0.0	73.0	0.0	24.0	1.0	13.0	108.21441317804288
4	72.0	1.0	65.0	1.0	38.0	1.0	8.0	74.05002905781171
5	86.0	0.0	52.0	0.0	25.0	1.0	15.0	65.7185614468591
6	73.0	0.0	72.0	0.0	31.0	1.0	14.0	110.15878286423693
7	77.0	0.0	48.0	1.0	33.0	1.0	12.0	52.06065542241463
8	84.0	1.0	81.0	1.0	49.0	1.0	10.0	171.96600467175602
9	97.0	0.0	57.0	1.0	30.0	1.0	14.0	88.34552855823439
10	65.0	0.0	43.0	1.0	32.0	1.0	8.0	34.09096359934053
11	68.0	0.0	51.0	1.0	30.0	1.0	12.0	90.17974683335676
12	83.0	1.0	73.0	1.0	67.0	1.0	15.0	232.90994490466434
13	55.0	1.0	54.0	1.0	31.0	1.0	13.0	32.2801143477057
14	80.0	1.0	79.0	1.0	46.0	1.0	9.0	211.35701050082375
15	73.0	0.0	50.0	1.0	31.0	1.0	13.0	82.16535160556992
10
587	233	220
15
1	96.0	1.0	91.0	1.0	66.0	1.0	8.0	231.24488397380688
2	96.0	0.0	56.0	1.0	35.0	1.0	8.0	74.81316330461465
3	69.0	1.0	47.0	1.0	41.0	1.0	4.0	54.20768970907446
4	69.0	1.0	66.0	1.0	58.0	1.0	7.0	190.001548603001
5	87.0	1.0	64.0	1.0	46.0	1.0	9.0	187.50510457019013
6	98.0	0.0	47.0	1.0	44.0	1.0	7.0	123.04354408033512
7	96.0	0.0	72.0	0.0	27.0	1.0	9.0	107.50104726004324
8	91.0	1.0	82.0	1.0	72.0	1.0	5.0	385.29552199507117
9	35.0	1.0	32.0	1.0	28.0	1.0	9.0	19.007266156913097
10	85.0	1.0	79.0	1.0	77.0	1.0	4.0	418.32850874388384
11	93.0	1.0	56.0	1.0	48.0	1.0	10.0	131.5047916675469
12	94.0	1.0	83.0	1.0	80.0	1.0	4.0	186.47082280367806
13	84.0	1.0	72.0	1.0	67.0	1.0	8.0	210.36789101565077
14	78.0	0.0	73.0	0.0	35.0	1.0	7.0	117.35708084053857
15	97.0	0.0	48.0	1.0	29.0	1.0	11.0	61.287844363834004
11
587	233	220
15
1	100.0	1.0	85.0	1.0	55.0	1.0	5.0	214.06338282650285
2	100.0	0.0	38.0	1.0	25.0	1.0	13.0	68.019751268268
3	90.0	0.0	77.0	0.0	32.0	1.0	6.0	145.65303502842085
4	55.0	1.0	51.0	1.0	39.0	1.0	6.0	66.55951187721853
5	100.0	1.0	99.0	1.0	94.0	1.0	8.0	810.4068326699826
6	82.0	1.0	78.0	1.0	67.0	1.0	10.0	224.36310548683403
7	88.0	0.0	79.0	0.0	37.0	1.0	5.0	124.13082935577404
8	87.0	0.0	48.0	1.0	40.0	1.0	9.0	61.776763513252156
9	60.0	1.0	60.0	1.0	58.0	1.0	6.0	84.0770899964684
10	39.0	1.0	39.0	1.0	30.0	1.0	7.0	28.524525558190664
11	42.0	1.0	42.0	1.0	23.0	1.0	13.0	13.152413696229502
12	77.0	1.0	53.0	1.0	50.0	1.0	7.0	105.33606198346672
13	81.0	0.0	56.0	0.0	28.0	1.0	5.0	40.66978132750898
14	90.0	1.0	80.0	1.0	68.0	1.0	11.0	180.13803037846805
15	76.0	0.0	30.0	1.0	20.0	1.0	10.0	37.39069518427113
12
587	233	220
15
1	73.0	1.0	70.0	1.0	44.0	1.0	7.0	79.90682847276794
2	92.0	0.0	49.0	0.0	22.0	1.0	7.0	63.496046507417724
3	91.0	1.0	89.0	1.0	84.0	1.0	8.0	422.8294575411229
4	89.0	0.0	39.0	1.0	31.0	1.0	10.0	89.88622964112609
5	85.0	0.0	38.0	1.0	35.0	1.0	11.0	55.63290944937564
6	80.0	1.0	58.0	1.0	50.0	1.0	9.0	186.37522408709503
7	99.0	0.0	60.0	1.0	44.0	1.0	6.0	96.40744217502566
8	65.0	0.0	58.0	0.0	29.0	1.0	11.0	49.78111200521339
9	79.0	1.0	78.0	1.0	67.0	1.0	10.0	305.3620447429031
10	72.0	0.0	35.0	1.0	23.0	1.0	10.0	24.33854852231646
11	89.0	0.0	82.0	0.0	31.0	1.0	10.0	86.70220425326029
12	96.0	0.0	71.0	0.0	33.0	1.0	8.0	116.32644380840871
13	85.0	0.0	35.0	1.0	28.0	1.0	8.0	34.893431026917526
14	88.0	1.0	80.0	1.0	54.0	1.0	11.0	156.736449299588
15	100.0	0.0	69.0	1.0	38.0	1.0	6.0	141.79539157253694
13
587	233	220
15
1	42.0	1.0	40.0	1.0	28.0	1.0	5.0	24.42416644814387
2	66.0	1.0	61.0	1.0	48.0	1.0	10.0	118.77371295560212
3	85.0	0.0	71.0	0.0	20.0	1.0	8.0	84.15905976027713
4	56.0	0.0	47.0	1.0	27.0	1.0	10.0	28.176792997788347
5	72.0	1.0	66.0	1.0	66.0	1.0	9.0	261.0419383630931
6	83.0	1.0	63.0	1.0	53.0	1.0	8.0	192.3796323243796
7	98.0	0.0	62.0	0.0	24.0	1.0	9.0	103.6621763417263
8	97.0	1.0	81.0	1.0	76.0	1.0	9.0	359.06291762535807
9	56.0	0.0	52.0	0.0	26.0	1.0	6.0	50.63216997056217
10	89.0	1.0	76.0	1.0	52.0	1.0	10.0	161.61504609219608
11	89.0	1.0	83.0	1.0	46.0	1.0	9.0	352.5313568267721
12	96.0	1.0	82.0	1.0	74.0	1.0	9.0	212.42174696876398
13	76.0	1.0	70.0	1.0	56.0	1.0	3.0	115.63691037087213
14	39.0	1.0	22.0	1.0	20.0	1.0	13.0	10.911053522663876
15	65.0	1.0	58.0	1.0	54.0	1.0	5.0	95.78326023434056
14
587	233	220
15
1	94.0	0.0	69.0	1.0	41.0	1.0	7.0	118.65953218990948
2	72.0	1.0	66.0	1.0	44.0	1.0	7.0	200.67280111439518
3	53.0	1.0	43.0	1.0	39.0	1.0	5.0	56.74667724535713
4	91.0	1.0	71.0	1.0	54.0	1.0	9.0	161.59445676447436
5	96.0	1.0	69.0	1.0	53.0	1.0	4.0	167.26916085817166
6	98.0	0.0	57.0	1.0	43.0	1.0	5.0	184.40539959101068
7	73.0	0.0	51.0	0.0	21.0	1.0	13.0	50.37319468255599
8	96.0	0.0	88.0	0.0	25.0	1.0	6.0	151.13531213951862
9	84.0	0.0	33.0	1.0	23.0	1.0	6.0	53.789410593580165
10	65.0	0.0	29.0	1.0	25.0	1.0	3.0	20.961778982595312
11	92.0	1.0	63.0	1.0	47.0	1.0	10.0	111.3958252377426
12	90.0	1.0	85.0	1.0	68.0	1.0	8.0	218.04430205219663
13	96.0	0.0	91.0	0.0	38.0	1.0	5.0	142.34175116945826
14	79.0	1.0	70.0	1.0	55.0	1.0	11.0	214.01147746840272
15	86.0	1.0	69.0	1.0	67.0	1.0	14.0	308.1439330241592
15
587	233	220
15
1	100.0	0.0	67.0	0.0	29.0	1.0	11.0	128.29260837195952
2	98.0	0.0	50.0	1.0	39.0	1.0	14.0	70.97727302812147
3	94.0	1.0	84.0	1.0	65.0	1.0	6.0	314.91334807603624
4	80.0	0.0	78.0	0.0	23.0	1.0	7.0	50.896583649376446
5	44.0	1.0	36.0	1.0	29.0	1.0	8.0	25.927250806455127
6	64.0	1.0	58.0	1.0	51.0	1.0	11.0	83.94311520234693
7	67.0	0.0	56.0	0.0	26.0	1.0	5.0	67.01518321886442
8	79.0	0.0	45.0	0.0	21.0	1.0	11.0	50.47815352079071
9	79.0	1.0	69.0	1.0	54.0	1.0	10.0	132.44373056062162
10	89.0	0.0	67.0	0.0	20.0	1.0	8.0	79.98232713370903
11	52.0	0.0	43.0	1.0	26.0	1.0	13.0	40.29616478829663
12	76.0	0.0	36.0	1.0	29.0	1.0	14.0	32.673403595324814
13	92.0	1.0	67.0	1.0	60.0	1.0	11.0	292.4626974382679
14	90.0	1.0	79.0	1.0	50.0	1.0	15.0	288.3755119391135
15	78.0	0.0	70.0	0.0	27.0	1.0	15.0	46.85681111827696
16
587	233	220
15
1	74.0	1.0	48.0	1.0	48.0	1.0	10.0	98.5405547932519
2	83.0	0.0	76.0	0.0	36.0	1.0	8.0	143.94046819122724
3	50.0	1.0	37.0	1.0	37.0	1.0	8.0	34.649046390609016
4	91.0	0.0	35.0	1.0	30.0	1.0	9.0	52.19074437330665
5	75.0	0.0	61.0	0.0	28.0	1.0	9.0	104.19684368779802
6	58.0	1.0	50.0	1.0	43.0	1.0	11.0	80.60423412508084
7	68.0	1.0	61.0	1.0	43.0	1.0	10.0	104.85216598277327
8	93.0	0.0	47.0	1.0	44.0	1.0	9.0	85.76876150180374
9	85.0	1.0	81.0	1.0	64.0	1.0	4.0	412.7598843803959
10	94.0	1.0	90.0	1.0	58.0	1.0	9.0	361.1347973566586
11	89.0	1.0	85.0	1.0	54.0	1.0	14.0	223.32740812778172
12	98.0	0.0	76.0	1.0	46.0	1.0	5.0	156.9399426186271
13	86.0	0.0	67.0	1.0	38.0	1.0	15.0	72.6422165706744
14	74.0	1.0	44.0	1.0	43.0	1.0	9.0	128.94648348423576
15	51.0	1.0	40.0	1.0	31.0	1.0	14.0	63.940620940257176
17
587	233	220
15
1	96.0	0.0	83.0	0.0	23.0	1.0	8.0	96.97133536174961
2	88.0	0.0	78.0	1.0	44.0	1.0	7.0	184.98010443688318
3	51.0	1.0	50.0	1.0	40.0	1.0	8.0	50.17088918421996
4	82.0	1.0	74.0	1.0	60.0	1.0	9.0	244.28287661309236
5	99.0	0.0	49.0	0.0	21.0	1.0	4.0	60.1180756620507
6	80.0	1.0	68.0	1.0	54.0	1.0	8.0	92.8197295829732
7	57.0	0.0	49.0	1.0	25.0	1.0	7.0	43.84297455224619
8	60.0	1.0	42.0	1.0	33.0	1.0	10.0	59.650664564321815
9	58.0	0.0	40.0	1.0	25.0	1.0	10.0	18.434473023261027
10	93.0	1.0	87.0	1.0	82.0	1.0	10.0	324.23966802373997
11	87.0	0.0	83.0	1.0	43.0	1.0	13.0	230.2898410480405
12	55.0	0.0	26.0	1.0	24.0	1.0	10.0	23.531312426264755
13	99.0	1.0	94.0	1.0	71.0	1.0	5.0	381.0720576134844
14	94.0	0.0	42.0	1.0	30.0	1.0	5.0	45.25204854914197
15	95.0	1.0	82.0	1.0	68.0	1.0	5.0	290.98057384042323
18
587	233	220
15
1	95.0	1.0	77.0	1.0	68.0	1.0	9.0	165.52636396744478
2	98.0	0.0	79.0	0.0	27.0	1.0	9.0	154.0621900660242
3	94.0	1.0	72.0	1.0	71.0	1.0	7.0	227.83858656029392
4	94.0	0.0	37.0	1.0	23.0	1.0	8.0	30.372166419175816
5	63.0	1.0	61.0	1.0	45.0	1.0	4.0	62.76984210235676
6	54.0	1.0	47.0	1.0	40.0	1.0	6.0	35.78678975769062
7	54.0	1.0	48.0	1.0	32.0	1.0	9.0	28.825236977174463
8	61.0	1.0	46.0	1.0	36.0	1.0	8.0	57.50846078484057
9	93.0	1.0	85.0	1.0	82.0	1.0	11.0	217.85395824083858
10	83.0	0.0	39.0	1.0	37.0	1.0	11.0	61.965613018133986
11	75.0	1.0	60.0	1.0	56.0	1.0	10.0	106.57073053418061
12	87.0	1.0	55.0	1.0	50.0	1.0	8.0	153.66523560088928
13	93.0	1.0	65.0	1.0	47.0	1.0	8.0	114.26130255757678
14	86.0	0.0	60.0	0.0	20.0	1.0	6.0	78.99801572987111
15	96.0	0.0	31.0	1.0	26.0	1.0	14.0	33.12045288316222
19
587	233	220
15
1	92.0	1.0	88.0	1.0	57.0	1.0	9.0	267.0762099958691
2	98.0	1.0	95.0	1.0	52.0	1.0	3.0	192.08267492889877
3	62.0	0.0	35.0	1.0	22.0	1.0	8.0	18.570984525878806
4	92.0	0.0	45.0	1.0	26.0	1.0	7.0	58.081769404677146
5	78.0	1.0	65.0	1.0	53.0	1.0	4.0	89.54638375307766
6	89.0	0.0	56.0	1.0	31.0	1.0	6.0	74.06371836951227
7	96.0	1.0	90.0	1.0	60.0	1.0	5.0	523.2602997368858
8	99.0	0.0	81.0	0.0	24.0	1.0	8.0	103.22524427242047
9	80.0	1.0	66.0	1.0	44.0	1.0	8.0	104.78605521553325
10	71.0	1.0	66.0	1.0	42.0	1.0	9.0	69.51835260813392
11	88.0	1.0	85.0	1.0	66.0	1.0	9.0	324.44007424196224
12	96.0	1.0	91.0	1.0	58.0	1.0	8.0	267.27235158783003
13	87.0	1.0	79.0	1.0	54.0	1.0	6.0	195.8593044481919
14	89.0	0.0	59.0	1.0	31.0	1.0	6.0	103.79335006958259
15	98.0	1.0	83.0	1.0	56.0	1.0	4.0	484.69892644749916
20
587	233	220
15
1	88.0	0.0	85.0	0.0	37.0	1.0	6.0	231.85117696977042
2	88.0	1.0	73.0	1.0	49.0	1.0	6.0	128.57263787921005
3	70.0	0.0	59.0	1.0	30.0	1.0	14.0	67.29219984246221
4	99.0	1.0	69.0	1.0	66.0	1.0	9.0	297.97263694271066
5	80.0	0.0	48.0	1.0	40.0	1.0	7.0	103.26222873711674
6	100.0	1.0	69.0	1.0	57.0	1.0	11.0	157.94282984049482
7	74.0	1.0	57.0	1.0	53.0	1.0	6.0	87.89674241561269
8	82.0	0.0	81.0	0.0	33.0	1.0	3.0	163.54247927481703
9	96.0	1.0	86.0	1.0	83.0	1.0	10.0	333.0175345059284
10	64.0	0.0	32.0	1.0	29.0	1.0	6.0	46.417315934944874
11	89.0	1.0	77.0	1.0	55.0	1.0	6.0	234.89542682642772
12	82.0	0.0	68.0	0.0	22.0	1.0	7.0	58.78016710701921
13	73.0	0.0	69.0	0.0	30.0	1.0	9.0	147.7402977465392
14	100.0	0.0	36.0	1.0	31.0	1.0	6.0	68.50197222340735
15	68.0	1.0	64.0	1.0	44.0	1.0	5.0	130.91004404304337
21
587	233	220
15
1	59.0	0.0	57.0	0.0	23.0	1.0	8.0	65.78028053189286
2	100.0	1.0	98.0	1.0	79.0	1.0	9.0	394.00223338513223
3	100.0	0.0	99.0	0.0	36.0	1.0	6.0	142.00577646273834
4	93.0	1.0	63.0	1.0	54.0	1.0	6.0	232.35496983388072
5	27.0	1.0	26.0	1.0	21.0	1.0	6.0	9.28583359485683
6	96.0	1.0	93.0	1.0	88.0	1.0	7.0	300.20501838191814
7	34.0	1.0	26.0	1.0	20.0	1.0	12.0	14.296155836335721
8	80.0	1.0	59.0	1.0	47.0	1.0	8.0	195.80825100815935
9	82.0	0.0	62.0	0.0	28.0	1.0	11.0	72.54502791748897
10	96.0	0.0	62.0	0.0	28.0	1.0	8.0	111.07864084258375
11	46.0	0.0	24.0	1.0	23.0	1.0	8.0	11.15151855126382
12	85.0	0.0	81.0	0.0	23.0	1.0	9.0	64.80584083330531
13	93.0	1.0	85.0	1.0	61.0	1.0	8.0	232.8163246386966
14	62.0	0.0	57.0	0.0	21.0	1.0	7.0	37.09206740577505
15	86.0	0.0	55.0	1.0	36.0	1.0	11.0	82.05253891094665
22
587	233	220
15
1	99.0	0.0	72.0	0.0	20.0	1.0	10.0	74.84281697653007
2	55.0	1.0	42.0	1.0	31.0	1.0	5.0	37.19033845671823
3	81.0	0.0	79.0	0.0	20.0	1.0	7.0	44.67342133240182
4	100.0	0.0	89.0	0.0	36.0	1.0	10.0	133.4150322540333
5	65.0	0.0	64.0	0.0	30.0	1.0	10.0	93.64530695199358
6	61.0	0.0	51.0	1.0	29.0	1.0	9.0	37.426044995494266
7	100.0	0.0	53.0	1.0	45.0	1.0	10.0	89.83583899194062
8	72.0	0.0	56.0	0.0	24.0	1.0	6.0	33.52311728561098
9	75.0	0.0	74.0	0.0	23.0	1.0	9.0	46.88021156162979
10	99.0	1.0	89.0	1.0	77.0	1.0	7.0	370.8885206131189
11	71.0	1.0	69.0	1.0	66.0	1.0	11.0	189.57454871653596
12	61.0	0.0	40.0	1.0	26.0	1.0	7.0	33.40710837620534
13	83.0	0.0	57.0	1.0	31.0	1.0	12.0	127.51715916250197
14	73.0	0.0	68.0	1.0	36.0	1.0	10.0	115.50416456204549
15	99.0	0.0	76.0	1.0	45.0	1.0	15.0	150.8497871679686
23
587	233	220
15
1	90.0	1.0	77.0	1.0	68.0	1.0	9.0	246.07411316485596
2	93.0	0.0	54.0	0.0	23.0	1.0	9.0	47.11506112467421
3	64.0	0.0	31.0	1.0	29.0	1.0	10.0	43.91684741092225
4	58.0	0.0	50.0	0.0	20.0	1.0	11.0	27.7380250396762
5	99.0	1.0	92.0	1.0	52.0	1.0	8.0	394.8143580814966
6	78.0	1.0	59.0	1.0	50.0	1.0	14.0	173.1904596244717
7	49.0	0.0	24.0	1.0	23.0	1.0	8.0	12.546266214883799
8	93.0	0.0	56.0	0.0	22.0	1.0	17.0	71.68308282823173
9	76.0	1.0	66.0	1.0	60.0	1.0	12.0	189.8154501414763
10	64.0	1.0	62.0	1.0	46.0	1.0	10.0	119.79118253673242
11	49.0	1.0	28.0	1.0	26.0	1.0	9.0	23.13254280478971
12	97.0	0.0	90.0	0.0	39.0	1.0	4.0	150.80529963256438
13	88.0	1.0	78.0	1.0	68.0	1.0	11.0	178.60251835755014
14	90.0	0.0	70.0	0.0	30.0	1.0	8.0	92.44902280093247
15	57.0	1.0	41.0	1.0	33.0	1.0	8.0	29.513490149498484
24
587	233	220
15
1	88.0	1.0	61.0	1.0	50.0	1.0	8.0	121.89388589957024
2	55.0	0.0	42.0	1.0	25.0	1.0	12.0	24.604780961503067
3	89.0	0.0	37.0	1.0	21.0	1.0	7.0	32.74129829433914
4	95.0	1.0	73.0	1.0	65.0	1.0	3.0	242.60618227534488
5	68.0	1.0	68.0	1.0	46.0	1.0	3.0	105.92871814438689
6	71.0	1.0	45.0	1.0	42.0	1.0	4.0	53.52861428506021
7	98.0	0.0	76.0	0.0	31.0	1.0	7.0	177.2581163235758
8	99.0	1.0	87.0	1.0	62.0	1.0	13.0	291.67202228395007
9	99.0	1.0	98.0	1.0	86.0	1.0	4.0	579.2296096840587
10	59.0	1.0	56.0	1.0	31.0	1.0	7.0	49.005588169775734
11	82.0	1.0	71.0	1.0	61.0	1.0	13.0	195.07145266297061
12	71.0	0.0	24.0	1.0	22.0	1.0	4.0	20.833610302468824
13	84.0	1.0	63.0	1.0	62.0	1.0	8.0	177.66823473222448
14	95.0	1.0	84.0	1.0	53.0	1.0	9.0	244.56300157777483
15	59.0	0.0	42.0	0.0	21.0	1.0	7.0	34.200697346799
25
587	233	220
15
1	78.0	1.0	58.0	1.0	53.0	1.0	5.0	209.62889183655417
2	88.0	0.0	64.0	0.0	28.0	1.0	5.0	65.88841876166
3	82.0	0.0	53.0	1.0	33.0	1.0	3.0	90.44325324064215
4	100.0	0.0	78.0	1.0	49.0	1.0	10.0	208.21558059658332
5	86.0	0.0	63.0	1.0	42.0	1.0	7.0	233.79594449855017
6	90.0	1.0	52.0	1.0	52.0	1.0	5.0	96.42140696066791
7	82.0	0.0	73.0	0.0	27.0	1.0	7.0	69.80739991405461
8	62.0	0.0	45.0	0.0	20.0	1.0	12.0	34.5557837205863
9	95.0	0.0	75.0	0.0	25.0	1.0	4.0	85.4925702194217
10	99.0	1.0	81.0	1.0	74.0	1.0	7.0	349.56572587785405
11	95.0	1.0	85.0	1.0	85.0	1.0	8.0	381.28199020158405
12	60.0	1.0	56.0	1.0	49.0	1.0	8.0	138.91520837844126
13	95.0	1.0	70.0	1.0	67.0	1.0	10.0	218.14201216163875
14	36.0	1.0	25.0	1.0	21.0	1.0	12.0	12.094863670393547
15	91.0	0.0	89.0	0.0	39.0	1.0	9.0	214.28228898293713
26
587	233	220
15
1	41.0	1.0	36.0	1.0	25.0	1.0	18.0	20.765474764043347
2	90.0	0.0	62.0	1.0	41.0	1.0	14.0	126.2149148671464
3	70.0	0.0	53.0	1.0	34.0	1.0	18.0	90.6898310553652
4	81.0	0.0	60.0	1.0	34.0	1.0	10.0	67.04527430481079
5	82.0	1.0	76.0	1.0	54.0	1.0	13.0	181.20371919115559
6	94.0	1.0	66.0	1.0	62.0	1.0	9.0	222.51094385261078
7	85.0	0.0	82.0	0.0	27.0	1.0	8.0	166.2591054762826
8	73.0	0.0	62.0	1.0	33.0	1.0	9.0	73.29485370723354
9	73.0	1.0	49.0	1.0	46.0	1.0	8.0	79.3646845670076
10	69.0	0.0	65.0	0.0	32.0	1.0	6.0	78.96654254379004
11	87.0	0.0	67.0	0.0	25.0	1.0	15.0	60.71277999135945
12	98.0	0.0	72.0	0.0	35.0	1.0	9.0	239.8440254287521
13	96.0	0.0	37.0	1.0	32.0	1.0	12.0	58.85909144565794
14	65.0	0.0	58.0	0.0	23.0	1.0	11.0	56.825447244488366
15	87.0	1.0	86.0	1.0	57.0	1.0	6.0	218.4151539714545
27
587	233	220
15
1	63.0	0.0	33.0	1.0	31.0	1.0	8.0	25.05232529797556
2	70.0	0.0	59.0	1.0	33.0	1.0	11.0	78.84884703431588
3	59.0	0.0	56.0	0.0	20.0	1.0	10.0	47.807494559811055
4	92.0	0.0	61.0	1.0	36.0	1.0	7.0	120.14436142767529
5	80.0	1.0	79.0	1.0	62.0	1.0	6.0	145.30132069960652
6	96.0	1.0	65.0	1.0	49.0	1.0	11.0	189.27204908375086
7	69.0	0.0	39.0	1.0	29.0	1.0	13.0	33.91575033816494
8	69.0	1.0	56.0	1.0	56.0	1.0	9.0	90.91805634321983
9	98.0	1.0	79.0	1.0	61.0	1.0	14.0	299.48600160683276
10	95.0	1.0	60.0	1.0	55.0	1.0	7.0	148.84536416984002
11	75.0	0.0	26.0	1.0	20.0	1.0	10.0	22.298707563433464
12	91.0	0.0	68.0	1.0	39.0	1.0	8.0	85.85858814140866
13	96.0	1.0	95.0	1.0	88.0	1.0	6.0	315.76211216957114
14	85.0	0.0	55.0	0.0	21.0	1.0	6.0	31.6198783927906
15	93.0	0.0	27.0	1.0	23.0	1.0	10.0	30.463857985675023
28
587	233	220
15
1	68.0	0.0	38.0	1.0	32.0	1.0	9.0	43.00728866385244
2	94.0	0.0	91.0	0.0	38.0	1.0	6.0	123.42628368875354
3	92.0	0.0	81.0	1.0	44.0	1.0	8.0	158.37478130242465
4	81.0	1.0	67.0	1.0	53.0	1.0	10.0	116.49777214210741
5	94.0	1.0	70.0	1.0	59.0	1.0	6.0	244.64565749690433
6	98.0	0.0	39.0	1.0	30.0	1.0	7.0	72.35312177087276
7	95.0	1.0	81.0	1.0	67.0	1.0	9.0	239.7302844279264
8	35.0	1.0	29.0	1.0	29.0	1.0	5.0	21.318971890724516
9	91.0	0.0	81.0	0.0	32.0	1.0	5.0	137.2793540288942
10	59.0	0.0	38.0	1.0	23.0	1.0	4.0	46.40257444613888
11	97.0	1.0	93.0	1.0	64.0	1.0	5.0	356.90325238818326
12	89.0	0.0	78.0	1.0	42.0	1.0	2.0	153.1359093562355
13	91.0	1.0	87.0	1.0	54.0	1.0	7.0	219.13137534997662
14	88.0	1.0	65.0	1.0	52.0	1.0	12.0	173.25290536597254
15	82.0	1.0	78.0	1.0	54.0	1.0	7.0	142.89544013345736
29
587	233	220
15
1	100.0	1.0	96.0	1.0	70.0	1.0	13.0	262.21292198172966
2	71.0	0.0	39.0	1.0	28.0	1.0	13.0	57.983784739921916
3	90.0	1.0	76.0	1.0	55.0	1.0	6.0	150.28198903284812
4	83.0	0.0	42.0	1.0	31.0	1.0	10.0	51.36332180621931
5	55.0	1.0	51.0	1.0	46.0	1.0	9.0	68.2125660291188
6	99.0	0.0	88.0	0.0	38.0	1.0	12.0	212.82286370099595
7	79.0	0.0	56.0	0.0	26.0	1.0	9.0	84.80013834645683
8	89.0	0.0	29.0	1.0	25.0	1.0	11.0	33.902797518166736
9	78.0	0.0	71.0	0.0	32.0	1.0	10.0	107.21636391279061
10	69.0	1.0	61.0	1.0	43.0	1.0	13.0	125.57303531124705
11	75.0	1.0	55.0	1.0	52.0	1.0	6.0	130.6774739154864
12	81.0	0.0	34.0	1.0	25.0	1.0	7.0	39.69087759997977
13	91.0	0.0	84.0	0.0	20.0	1.0	10.0	122.27063135821268
14	84.0	0.0	51.0	0.0	22.0	1.0	9.0	96.44818813033739
15	82.0	0.0	61.0	1.0	41.0	1.0	9.0	85.33821125810022
30
587	233	220
15
1	96.0	1.0	59.0	1.0	56.0	1.0	8.0	143.10007296381534
2	89.0	0.0	77.0	1.0	40.0	1.0	11.0	174.22802664769918
3	43.0	1.0	41.0	1.0	27.0	1.0	12.0	40.63405483963556
4	85.0	1.0	81.0	1.0	71.0	1.0	9.0	326.27791631955654
5	85.0	0.0	53.0	1.0	30.0	1.0	6.0	54.20920728700449
6	86.0	1.0	67.0	1.0	52.0	1.0	6.0	259.07881098690075
7	99.0	1.0	69.0	1.0	63.0	1.0	4.0	213.14332297761322
8	94.0	0.0	83.0	1.0	47.0	1.0	6.0	332.86497014206424
9	90.0	1.0	72.0	1.0	70.0	1.0	7.0	310.88919327268036
10	66.0	0.0	56.0	1.0	29.0	1.0	8.0	39.294241424662815
11	95.0	1.0	71.0	1.0	60.0	1.0	10.0	247.85095558662906
12	92.0	0.0	50.0	1.0	37.0	1.0	2.0	170.38041150580014
13	82.0	0.0	65.0	1.0	33.0	1.0	12.0	128.0775709055357
14	77.0	1.0	61.0	1.0	47.0	1.0	9.0	93.62763653933563
15	55.0	1.0	38.0	1.0	29.0	1.0	8.0	34.59051615655714
31
587	233	220
15
1	91.0	0.0	90.0	0.0	26.0	1.0	16.0	125.22523380502409
2	87.0	0.0	50.0	1.0	42.0	1.0	12.0	78.28826860191045
3	88.0	0.0	36.0	1.0	35.0	1.0	15.0	58.20589101960263
4	50.0	1.0	48.0	1.0	46.0	1.0	13.0	53.50036132508076
5	74.0	1.0	60.0	1.0	43.0	1.0	22.0	112.03791823156047
6	91.0	0.0	60.0	1.0	34.0	1.0	19.0	88.23458800751924
7	100.0	0.0	38.0	1.0	24.0	1.0	18.0	60.333644264806345
8	35.0	1.0	32.0	1.0	29.0	1.0	20.0	14.286576916520088
9	87.0	0.0	50.0	1.0	43.0	1.0	10.0	140.2756992597475
10	56.0	1.0	50.0	1.0	29.0	1.0	19.0	55.11172600584875
11	60.0	0.0	37.0	1.0	21.0	1.0	15.0	28.61535172618407
12	97.0	0.0	91.0	0.0	24.0	1.0	7.0	101.70072891905686
13	71.0	1.0	43.0	1.0	43.0	1.0	11.0	70.00894613528018
14	57.0	0.0	28.0	1.0	21.0	1.0	15.0	29.63021246138061
15	75.0	1.0	52.0	1.0	49.0	1.0	20.0	88.7319609708131
32
587	233	220
15
1	98.0	0.0	92.0	0.0	21.0	1.0	8.0	75.93631732779964
2	99.0	0.0	92.0	0.0	33.0	1.0	13.0	145.17793763438758
3	70.0	1.0	69.0	1.0	62.0	1.0	13.0	161.38945656660232
4	88.0	0.0	33.0	1.0	21.0	1.0	9.0	49.34620996290098
5	45.0	0.0	38.0	1.0	20.0	1.0	11.0	13.077212585434092
6	36.0	1.0	34.0	1.0	21.0	1.0	13.0	10.95855645897345
7	86.0	0.0	75.0	0.0	27.0	1.0	12.0	66.43125396896917
8	80.0	1.0	70.0	1.0	56.0	1.0	9.0	202.32928727080935
9	81.0	1.0	80.0	1.0	41.0	1.0	13.0	158.83935801446611
10	99.0	0.0	59.0	1.0	33.0	1.0	13.0	87.9384176725617
11	78.0	1.0	66.0	1.0	51.0	1.0	9.0	163.81417126001168
12	92.0	0.0	51.0	1.0	27.0	1.0	10.0	60.47250807053814
13	71.0	1.0	65.0	1.0	36.0	1.0	17.0	69.01291840029856
14	96.0	0.0	46.0	0.0	22.0	1.0	11.0	49.61839922845419
15	86.0	0.0	56.0	0.0	20.0	1.0	11.0	52.33693249902193
33
587	233	220
15
1	74.0	1.0	70.0	1.0	57.0	1.0	9.0	159.94395855175264
2	87.0	0.0	61.0	1.0	38.0	1.0	7.0	158.88228645562833
3	99.0	0.0	55.0	1.0	46.0	1.0	6.0	112.53360401954399
4	64.0	0.0	29.0	1.0	29.0	1.0	4.0	23.685498312840753
5	99.0	1.0	95.0	1.0	79.0	1.0	6.0	247.23000401902326
6	81.0	0.0	72.0	1.0	37.0	1.0	7.0	121.48156583797015
7	68.0	0.0	67.0	0.0	20.0	1.0	8.0	72.82396548797921
8	67.0	1.0	67.0	1.0	35.0	1.0	4.0	135.23208440765885
9	93.0	1.0	92.0	1.0	82.0	1.0	5.0	523.7691491760769
10	97.0	0.0	83.0	0.0	21.0	1.0	4.0	120.99554206442276
11	96.0	1.0	96.0	1.0	58.0	1.0	8.0	372.14562427073116
12	91.0	1.0	58.0	1.0	51.0	1.0	6.0	110.43088677127233
13	97.0	0.0	55.0	1.0	45.0	1.0	9.0	202.83196506569996
14	82.0	0.0	63.0	0.0	22.0	1.0	7.0	57.191019127059526
15	80.0	1.0	76.0	1.0	72.0	1.0	8.0	254.55229552138863
34
587	233	220
15
1	82.0	1.0	70.0	1.0	45.0	1.0	7.0	119.46399984716491
2	78.0	0.0	30.0	1.0	24.0	1.0	10.0	49.09434398276257
3	96.0	1.0	85.0	1.0	84.0	1.0	10.0	614.4233626322886
4	29.0	1.0	26.0	1.0	21.0	1.0	16.0	12.873379870366502
5	70.0	1.0	69.0	1.0	54.0	1.0	7.0	215.00101857452756
6	83.0	1.0	60.0	1.0	42.0	1.0	10.0	107.26289877681008
7	80.0	1.0	53.0	1.0	43.0	1.0	14.0	121.81126320083628
8	85.0	0.0	70.0	0.0	30.0	1.0	5.0	57.05422275865638
9	82.0	0.0	51.0	0.0	23.0	1.0	12.0	42.896831821013755
10	85.0	1.0	85.0	1.0	49.0	1.0	10.0	289.23956649639223
11	91.0	1.0	85.0	1.0	47.0	1.0	9.0	275.7207837730044
12	92.0	1.0	87.0	1.0	50.0	1.0	5.0	241.37468893986687
13	95.0	0.0	63.0	0.0	23.0	1.0	6.0	71.06309324171006
14	71.0	1.0	55.0	1.0	48.0	1.0	7.0	111.29072833494202
15	97.0	0.0	52.0	1.0	28.0	1.0	7.0	64.92911901678758
35
587	233	220
15
1	86.0	0.0	44.0	1.0	24.0	1.0	18.0	48.94376257932866
2	87.0	1.0	52.0	1.0	49.0	1.0	11.0	126.30910242540358
3	75.0	0.0	61.0	0.0	30.0	1.0	5.0	80.99376694327977
4	73.0	0.0	51.0	0.0	22.0	1.0	8.0	45.69447588407045
5	98.0	1.0	97.0	1.0	76.0	1.0	9.0	399.41263201673104
6	64.0	1.0	61.0	1.0	35.0	1.0	12.0	86.18359276410769
7	77.0	0.0	45.0	1.0	35.0	1.0	10.0	60.1454080074633
8	91.0	0.0	43.0	1.0	25.0	1.0	17.0	34.443649347121415
9	77.0	1.0	52.0	1.0	51.0	1.0	11.0	67.75406580095105
10	70.0	0.0	29.0	1.0	24.0	1.0	9.0	25.06222655766667
11	90.0	0.0	48.0	1.0	28.0	1.0	11.0	54.48739543683068
12	57.0	1.0	40.0	1.0	39.0	1.0	11.0	56.26183654601272
13	90.0	1.0	88.0	1.0	57.0	1.0	7.0	406.88765018792685
14	95.0	0.0	90.0	0.0	41.0	1.0	4.0	116.16403604499192
15	79.0	1.0	75.0	1.0	57.0	1.0	12.0	138.97988416857078
36
587	233	220
15
1	93.0	0.0	67.0	0.0	24.0	1.0	7.0	74.06964657822685
2	70.0	1.0	59.0	1.0	42.0	1.0	8.0	90.1444706754366
3	38.0	1.0	32.0	1.0	30.0	1.0	8.0	24.280010265028128
4	91.0	1.0	90.0	1.0	83.0	1.0	12.0	411.4466411994531
5	69.0	0.0	62.0	0.0	24.0	1.0	8.0	65.54803959775676
6	80.0	0.0	73.0	0.0	31.0	1.0	5.0	88.30827037558015
7	99.0	0.0	59.0	0.0	29.0	1.0	8.0	63.69983137748798
8	82.0	1.0	58.0	1.0	52.0	1.0	7.0	141.15876820232137
9	90.0	0.0	76.0	1.0	45.0	1.0	4.0	203.1511545362512
10	95.0	1.0	85.0	1.0	74.0	1.0	9.0	274.2867248432708
11	80.0	0.0	37.0	1.0	26.0	1.0	4.0	42.36497686003774
12	96.0	0.0	56.0	1.0	35.0	1.0	14.0	68.04222786265031
13	64.0	1.0	47.0	1.0	46.0	1.0	7.0	74.66184332296694
14	84.0	1.0	70.0	1.0	54.0	1.0	10.0	127.77102757924396
15	41.0	1.0	37.0	1.0	24.0	1.0	8.0	20.21526927359273
37
587	233	220
15
1	94.0	1.0	56.0	1.0	49.0	1.0	8.0	151.75950284091797
2	93.0	0.0	64.0	1.0	42.0	1.0	12.0	198.3079941378036
3	85.0	1.0	72.0	1.0	48.0	1.0	15.0	137.2676108451386
4	79.0	1.0	60.0	1.0	46.0	1.0	11.0	154.11345725853022
5	61.0	1.0	56.0	1.0	40.0	1.0	7.0	106.35126013397661
6	95.0	0.0	54.0	1.0	34.0	1.0	16.0	104.88092657022524
7	64.0	1.0	60.0	1.0	46.0	1.0	12.0	143.7670492431013
8	85.0	0.0	31.0	1.0	23.0	1.0	7.0	47.51143925793405
9	58.0	0.0	36.0	1.0	27.0	1.0	8.0	31.501594069899475
10	82.0	1.0	67.0	1.0	51.0	1.0	7.0	100.57213740253422
11	100.0	0.0	44.0	1.0	34.0	1.0	8.0	84.54445274738802
12	99.0	1.0	81.0	1.0	55.0	1.0	8.0	162.85547068210002
13	74.0	0.0	43.0	1.0	27.0	1.0	13.0	28.250187383500556
14	76.0	0.0	33.0	1.0	26.0	1.0	14.0	24.836609952465118
15	97.0	0.0	79.0	0.0	28.0	1.0	11.0	118.83327758562237
38
587	233	220
15
1	60.0	1.0	52.0	1.0	44.0	1.0	14.0	90.60066660210299
2	51.0	0.0	35.0	1.0	22.0	1.0	9.0	16.960982870106523
3	85.0	0.0	53.0	0.0	20.0	1.0	19.0	41.255910237172586
4	96.0	0.0	43.0	1.0	32.0	1.0	17.0	83.13367545456121
5	97.0	1.0	61.0	1.0	55.0	1.0	12.0	163.2529057759456
6	61.0	1.0	57.0	1.0	38.0	1.0	12.0	55.96837192090891
7	89.0	0.0	46.0	1.0	43.0	1.0	7.0	71.6998534213187
8	91.0	0.0	67.0	0.0	31.0	1.0	10.0	102.07753395450463
9	90.0	0.0	75.0	1.0	39.0	1.0	11.0	142.05828423367376
10	96.0	0.0	51.0	1.0	37.0	1.0	9.0	76.60343124267108
11	87.0	1.0	78.0	1.0	64.0	1.0	14.0	217.28196971945314
12	54.0	0.0	50.0	0.0	24.0	1.0	10.0	38.76136854607479
13	76.0	0.0	22.0	1.0	20.0	1.0	12.0	15.593791573425195
14	73.0	1.0	65.0	1.0	44.0	1.0	11.0	92.51767135189328
15	70.0	1.0	52.0	1.0	47.0	1.0	7.0	121.94633802149818
39
587	233	220
15
1	93.0	1.0	62.0	1.0	57.0	1.0	7.0	212.82481893444705
2	98.0	0.0	91.0	1.0	49.0	1.0	11.0	176.4696478189026
3	86.0	0.0	52.0	1.0	30.0	1.0	8.0	101.81181479965177
4	91.0	1.0	84.0	1.0	84.0	1.0	8.0	329.84148474305766
5	87.0	0.0	51.0	1.0	26.0	1.0	8.0	78.83555167840173
6	66.0	1.0	43.0	1.0	34.0	1.0	10.0	55.8204778398803
7	70.0	0.0	25.0	1.0	20.0	1.0	13.0	22.957081381050486
8	85.0	1.0	79.0	1.0	51.0	1.0	9.0	142.59892852490648
9	63.0	1.0	59.0	1.0	34.0	1.0	8.0	72.88869456428971
10	91.0	0.0	71.0	1.0	40.0	1.0	5.0	95.66038651730162
11	94.0	0.0	36.0	1.0	29.0	1.0	8.0	63.347824055713346
12	82.0	0.0	63.0	1.0	37.0	1.0	6.0	193.76063167190708
13	73.0	1.0	65.0	1.0	45.0	1.0	13.0	148.07051801692666
14	73.0	0.0	70.0	0.0	34.0	1.0	10.0	104.23834628873279
15	88.0	0.0	74.0	0.0	35.0	1.0	11.0	137.4111505431304
40
587	233	220
15
1	80.0	0.0	45.0	0.0	21.0	1.0	6.0	41.06563441371037
2	63.0	1.0	47.0	1.0	33.0	1.0	7.0	46.48436055492397
3	38.0	1.0	31.0	1.0	28.0	1.0	7.0	20.545731406995706
4	87.0	1.0	71.0	1.0	70.0	1.0	4.0	256.5040630689185
5	53.0	0.0	39.0	1.0	22.0	1.0	3.0	28.198643120528512
6	89.0	0.0	56.0	1.0	33.0	1.0	7.0	130.06017442000885
7	99.0	0.0	95.0	0.0	34.0	1.0	16.0	153.3012259137045
8	54.0	1.0	54.0	1.0	32.0	1.0	4.0	58.3807419943125
9	65.0	1.0	65.0	1.0	45.0	1.0	6.0	60.88268587008273
10	82.0	1.0	78.0	1.0	78.0	1.0	3.0	294.27724114444294
11	79.0	1.0	76.0	1.0	66.0	1.0	8.0	271.69779772657085
12	82.0	1.0	82.0	1.0	77.0	1.0	16.0	244.07051202185448
13	89.0	1.0	87.0	1.0	55.0	1.0	5.0	240.77768388577334
14	82.0	1.0	81.0	1.0	52.0	1.0	8.0	166.90051080286628
15	73.0	0.0	51.0	1.0	36.0	1.0	8.0	56.2093850284712
41
587	233	220
15
1	96.0	0.0	32.0	1.0	23.0	1.0	18.0	47.59110276351682
2	93.0	0.0	59.0	1.0	31.0	1.0	18.0	100.37475109358276
3	56.0	1.0	48.0	1.0	31.0	1.0	5.0	73.73787369002515
4	100.0	1.0	57.0	1.0	51.0	1.0	12.0	200.29733284616555
5	80.0	1.0	80.0	1.0	70.0	1.0	8.0	334.4658866538592
6	73.0	0.0	20.0	1.0	20.0	1.0	11.0	26.64669721987141
7	66.0	1.0	65.0	1.0	63.0	1.0	13.0	231.0786486764569
8	66.0	1.0	63.0	1.0	34.0	1.0	10.0	68.06245771854002
9	44.0	1.0	43.0	1.0	43.0	1.0	13.0	50.945974997353424
10	76.0	0.0	40.0	1.0	29.0	1.0	15.0	34.85892448297311
11	75.0	1.0	55.0	1.0	52.0	1.0	13.0	123.9305090582594
12	82.0	1.0	52.0	1.0	46.0	1.0	11.0	100.22422210627089
13	82.0	0.0	81.0	0.0	24.0	1.0	14.0	50.673509390813855
14	79.0	1.0	60.0	1.0	52.0	1.0	11.0	104.35813957598896
15	88.0	0.0	54.0	0.0	20.0	1.0	6.0	86.42883342473624
42
587	233	220
15
1	49.0	0.0	34.0	1.0	24.0	1.0	16.0	15.474107207168656
2	58.0	1.0	55.0	1.0	47.0	1.0	18.0	134.90248546199086
3	59.0	1.0	46.0	1.0	31.0	1.0	8.0	39.39223021303915
4	86.0	0.0	59.0	0.0	22.0	1.0	15.0	56.349933553613674
5	77.0	1.0	65.0	1.0	53.0	1.0	13.0	158.8270422585586
6	76.0	0.0	32.0	1.0	22.0	1.0	14.0	29.568492686090345
7	72.0	1.0	64.0	1.0	63.0	1.0	10.0	119.69442374944289
8	85.0	0.0	84.0	0.0	28.0	1.0	16.0	127.82067452151428
9	79.0	0.0	54.0	0.0	23.0	1.0	17.0	45.52303016892485
10	95.0	0.0	51.0	1.0	41.0	1.0	11.0	77.41875561673797
11	100.0	0.0	79.0	0.0	28.0	1.0	12.0	91.15266415548048
12	71.0	0.0	28.0	1.0	23.0	1.0	18.0	30.191331311389053
13	57.0	1.0	57.0	1.0	31.0	1.0	19.0	67.90175255566976
14	55.0	0.0	36.0	1.0	26.0	1.0	13.0	25.789037783677813
15	94.0	0.0	80.0	0.0	34.0	1.0	16.0	177.2264877986536
43
587	233	220
15
1	70.0	1.0	69.0	1.0	46.0	1.0	4.0	100.17673255740793
2	94.0	1.0	82.0	1.0	60.0	1.0	13.0	248.11952912495104
3	52.0	1.0	40.0	1.0	33.0	1.0	7.0	41.21775361192648
4	78.0	0.0	44.0	1.0	39.0	1.0	6.0	59.85431430972246
5	90.0	0.0	41.0	1.0	36.0	1.0	7.0	147.45184323560267
6	95.0	1.0	90.0	1.0	89.0	1.0	4.0	466.6971106427168
7	74.0	1.0	62.0	1.0	40.0	1.0	10.0	146.6725072908817
8	79.0	1.0	57.0	1.0	46.0	1.0	7.0	70.40661814279356
9	85.0	0.0	76.0	0.0	34.0	1.0	11.0	111.38398462453021
10	74.0	0.0	32.0	1.0	29.0	1.0	7.0	30.221247544215856
11	95.0	1.0	63.0	1.0	49.0	1.0	11.0	150.66239364876785
12	80.0	0.0	51.0	1.0	35.0	1.0	7.0	129.04280082323655
13	97.0	0.0	69.0	0.0	24.0	1.0	7.0	93.52753547647048
14	94.0	1.0	80.0	1.0	78.0	1.0	6.0	191.7001194953414
15	100.0	0.0	64.0	1.0	43.0	1.0	10.0	102.91085568503304
44
587	233	220
15
1	88.0	0.0	72.0	0.0	34.0	1.0	12.0	81.79216391742818
2	81.0	0.0	49.0	1.0	28.0	1.0	13.0	73.37323000212686
3	73.0	0.0	47.0	1.0	29.0	1.0	11.0	73.03226526866118
4	35.0	1.0	35.0	1.0	32.0	1.0	11.0	25.466693619612588
5	85.0	1.0	80.0	1.0	51.0	1.0	9.0	114.54802902560958
6	90.0	1.0	50.0	1.0	46.0	1.0	12.0	203.5574607748001
7	97.0	0.0	66.0	1.0	37.0	1.0	11.0	117.42867126232133
8	30.0	1.0	27.0	1.0	21.0	1.0	12.0	13.719167189849516
9	90.0	0.0	51.0	1.0	43.0	1.0	10.0	104.2039953451124
10	73.0	0.0	73.0	0.0	33.0	1.0	14.0	115.52638917840379
11	97.0	1.0	72.0	1.0	66.0	1.0	8.0	426.836276657697
12	50.0	1.0	44.0	1.0	34.0	1.0	12.0	63.152583003485574
13	68.0	1.0	67.0	1.0	38.0	1.0	7.0	87.6365078857015
14	92.0	0.0	75.0	0.0	23.0	1.0	9.0	65.23461476432483
15	91.0	0.0	87.0	0.0	33.0	1.0	17.0	111.96305171966007
45
587	233	220
15
1	86.0	0.0	71.0	0.0	35.0	1.0	4.0	95.46057919339405
2	99.0	0.0	82.0	1.0	43.0	1.0	8.0	278.66488630145267
3	94.0	0.0	40.0	1.0	32.0	1.0	13.0	61.921757216996205
4	89.0	0.0	52.0	1.0	41.0	1.0	7.0	69.12963859190383
5	84.0	0.0	46.0	1.0	28.0	1.0	8.0	50.556862658754106
6	100.0	0.0	68.0	1.0	48.0	1.0	13.0	121.651694861743
7	88.0	1.0	77.0	1.0	58.0	1.0	7.0	198.7540957061523
8	97.0	0.0	84.0	0.0	40.0	1.0	11.0	172.60291775409456
9	88.0	0.0	85.0	0.0	41.0	1.0	4.0	111.94813082445623
10	95.0	1.0	60.0	1.0	48.0	1.0	11.0	111.04382848097829
11	84.0	0.0	65.0	1.0	35.0	1.0	9.0	133.7934001509019
12	86.0	1.0	67.0	1.0	64.0	1.0	10.0	376.8631124204398
13	37.0	1.0	36.0	1.0	26.0	1.0	11.0	24.076286309896656
14	83.0	1.0	77.0	1.0	42.0	1.0	6.0	131.0620050436308
15	83.0	0.0	35.0	1.0	22.0	1.0	5.0	57.24896426231707
46
587	233	220
15
1	74.0	0.0	55.0	1.0	36.0	1.0	5.0	70.20998863626347
2	99.0	0.0	94.0	0.0	42.0	1.0	7.0	225.1205324044723
3	82.0	1.0	82.0	1.0	72.0	1.0	6.0	309.93818057184166
4	86.0	1.0	68.0	1.0	47.0	1.0	9.0	107.53349305102516
5	66.0	0.0	41.0	1.0	22.0	1.0	7.0	31.25296687652783
6	91.0	1.0	58.0	1.0	56.0	1.0	10.0	172.99360481956606
7	87.0	0.0	53.0	0.0	21.0	1.0	8.0	69.4005104747986
8	62.0	0.0	60.0	0.0	23.0	1.0	10.0	41.68458212083131
9	82.0	1.0	78.0	1.0	49.0	1.0	6.0	170.36617346624882
10	87.0	0.0	70.0	0.0	30.0	1.0	14.0	176.51010460349588
11	82.0	0.0	75.0	1.0	38.0	1.0	10.0	97.7835053963421
12	100.0	0.0	97.0	0.0	46.0	1.0	13.0	173.06657187639314
13	88.0	0.0	64.0	0.0	29.0	1.0	12.0	138.71452112769916
14	59.0	1.0	53.0	1.0	38.0	1.0	10.0	75.89970699338616
15	49.0	0.0	33.0	1.0	22.0	1.0	9.0	17.134295323279723
47
587	233	220
15
1	99.0	0.0	72.0	1.0	47.0	1.0	11.0	213.89934261086913
2	92.0	1.0	67.0	1.0	54.0	1.0	5.0	145.920377491346
3	82.0	0.0	31.0	1.0	30.0	1.0	9.0	61.74683170991019
4	82.0	1.0	78.0	1.0	64.0	1.0	8.0	138.76266420135877
5	64.0	0.0	48.0	1.0	28.0	1.0	12.0	33.652485619429456
6	93.0	0.0	41.0	1.0	33.0	1.0	8.0	78.09389352015907
7	71.0	1.0	61.0	1.0	44.0	1.0	8.0	107.05581790061281
8	93.0	0.0	76.0	1.0	46.0	1.0	7.0	252.43374992583244
9	96.0	0.0	52.0	0.0	25.0	1.0	8.0	62.00643539090116
10	95.0	1.0	82.0	1.0	59.0	1.0	9.0	237.69081062615436
11	97.0	1.0	89.0	1.0	64.0	1.0	9.0	336.9060725670202
12	75.0	1.0	62.0	1.0	62.0	1.0	5.0	133.66631648459907
13	77.0	1.0	61.0	1.0	56.0	1.0	5.0	98.03914704259007
14	66.0	1.0	54.0	1.0	50.0	1.0	5.0	101.86249047786374
15	79.0	0.0	49.0	1.0	38.0	1.0	8.0	62.06013052948064
48
587	233	220
15
1	92.0	0.0	78.0	0.0	29.0	1.0	10.0	119.09428331402093
2	84.0	0.0	53.0	1.0	38.0	1.0	12.0	125.2572780059694
3	88.0	0.0	78.0	0.0	38.0	1.0	12.0	218.643153736101
4	80.0	0.0	48.0	1.0	26.0	1.0	7.0	41.997934518533725
5	85.0	1.0	66.0	1.0	64.0	1.0	11.0	246.56136195837064
6	98.0	0.0	60.0	1.0	39.0	1.0	9.0	200.80955634994507
7	72.0	0.0	41.0	0.0	20.0	1.0	8.0	21.798362470950163
8	96.0	0.0	65.0	1.0	38.0	1.0	8.0	171.92701714294677
9	98.0	0.0	79.0	1.0	49.0	1.0	8.0	403.043122658203
10	75.0	0.0	43.0	1.0	36.0	1.0	8.0	93.331898030688
11	91.0	0.0	63.0	0.0	21.0	1.0	8.0	51.796098808484395
12	95.0	0.0	49.0	1.0	31.0	1.0	14.0	91.5940687124969
13	79.0	1.0	71.0	1.0	66.0	1.0	13.0	163.6178216062025
14	100.0	0.0	100.0	0.0	24.0	1.0	6.0	188.379053230427
15	76.0	0.0	28.0	1.0	24.0	1.0	7.0	37.33781353837703
49
587	233	220
15
1	97.0	0.0	53.0	1.0	41.0	1.0	7.0	133.06003697588523
2	96.0	1.0	62.0	1.0	57.0	1.0	9.0	125.5770089323068
3	80.0	1.0	70.0	1.0	47.0	1.0	11.0	206.100735050422
4	78.0	1.0	69.0	1.0	59.0	1.0	8.0	319.51475887491097
5	78.0	1.0	67.0	1.0	40.0	1.0	8.0	66.73047099249553
6	86.0	0.0	65.0	1.0	34.0	1.0	12.0	83.6445145668931
7	88.0	1.0	78.0	1.0	72.0	1.0	12.0	316.1110449320225
8	96.0	1.0	84.0	1.0	49.0	1.0	8.0	297.02658649924336
9	85.0	0.0	73.0	1.0	42.0	1.0	12.0	139.36451211943594
10	60.0	0.0	34.0	1.0	24.0	1.0	9.0	35.574467893090166
11	55.0	0.0	34.0	1.0	20.0	1.0	12.0	23.96592877962843
12	98.0	0.0	49.0	0.0	21.0	1.0	9.0	49.23515832862756
13	56.0	0.0	38.0	1.0	22.0	1.0	6.0	30.911466261945225
14	63.0	0.0	49.0	0.0	21.0	1.0	8.0	31.46077263840482
15	91.0	0.0	84.0	0.0	27.0	1.0	6.0	122.59972656043072
50
587	233	220
15
1	88.0	1.0	87.0	1.0	73.0	1.0	6.0	289.0408491297681
2	87.0	0.0	46.0	1.0	37.0	1.0	14.0	62.10296684690503
3	99.0	1.0	70.0	1.0	55.0	1.0	5.0	183.730896792539
4	83.0	1.0	60.0	1.0	44.0	1.0	7.0	169.6056416902403
5	80.0	1.0	77.0	1.0	76.0	1.0	15.0	224.8449561858531
6	93.0	0.0	45.0	1.0	23.0	1.0	7.0	47.30134784212338
7	43.0	1.0	31.0	1.0	29.0	1.0	11.0	21.01503660829766
8	75.0	0.0	70.0	0.0	26.0	1.0	12.0	131.5828593568334
9	81.0	1.0	62.0	1.0	55.0	1.0	7.0	147.11859733525372
10	63.0	1.0	50.0	1.0	45.0	1.0	7.0	111.67643249721014
11	94.0	0.0	76.0	0.0	24.0	1.0	9.0	122.63881463502713
12	94.0	0.0	78.0	0.0	30.0	1.0	9.0	130.64800958860997
13	59.0	0.0	54.0	0.0	21.0	1.0	10.0	29.537590080223648
14	91.0	0.0	67.0	0.0	23.0	1.0	12.0	56.61924862743346
15	97.0	1.0	59.0	1.0	58.0	1.0	8.0	269.8170907806523
51
587	233	220
15
1	60.0	1.0	58.0	1.0	46.0	1.0	8.0	113.44732334448396
2	92.0	1.0	69.0	1.0	55.0	1.0	13.0	186.35837259730195
3	88.0	0.0	42.0	0.0	20.0	1.0	8.0	59.884672229460904
4	65.0	0.0	64.0	0.0	29.0	1.0	6.0	90.51757845164389
5	91.0	1.0	88.0	1.0	77.0	1.0	12.0	481.92888279334545
6	76.0	0.0	37.0	1.0	25.0	1.0	10.0	39.74732552613038
7	69.0	1.0	61.0	1.0	35.0	1.0	12.0	77.02888931324114
8	84.0	0.0	30.0	1.0	25.0	1.0	5.0	53.939517625732606
9	82.0	0.0	61.0	1.0	39.0	1.0	12.0	154.3514301100114
10	79.0	1.0	70.0	1.0	45.0	1.0	13.0	173.6047264577263
11	98.0	0.0	97.0	0.0	40.0	1.0	8.0	311.1005935285453
12	98.0	0.0	74.0	0.0	27.0	1.0	4.0	141.4411298423312
13	79.0	0.0	77.0	0.0	23.0	1.0	11.0	71.97302369226897
14	74.0	0.0	29.0	1.0	21.0	1.0	7.0	35.86075945853141
15	62.0	0.0	47.0	1.0	29.0	1.0	14.0	37.20735707179459
52
587	233	220
15
1	91.0	0.0	57.0	1.0	45.0	1.0	11.0	126.99502039141207
2	93.0	1.0	56.0	1.0	55.0	1.0	8.0	225.1231192026184
3	84.0	0.0	55.0	1.0	29.0	1.0	12.0	66.29802548157433
4	77.0	0.0	70.0	0.0	21.0	1.0	12.0	55.318086623684366
5	69.0	0.0	42.0	1.0	25.0	1.0	9.0	52.201702683009614
6	94.0	1.0	72.0	1.0	57.0	1.0	9.0	166.5317740924149
7	91.0	0.0	75.0	1.0	40.0	1.0	12.0	131.73517332014058
8	73.0	0.0	39.0	1.0	34.0	1.0	10.0	46.555854611188096
9	86.0	0.0	43.0	1.0	34.0	1.0	9.0	94.82114079580978
10	91.0	0.0	31.0	1.0	24.0	1.0	11.0	50.43541036483809
11	89.0	1.0	63.0	1.0	60.0	1.0	8.0	179.49667765771983
12	80.0	1.0	67.0	1.0	63.0	1.0	4.0	219.27632451728738
13	72.0	1.0	43.0	1.0	39.0	1.0	12.0	66.43674200142763
14	100.0	0.0	95.0	0.0	40.0	1.0	11.0	208.9116181645774
15	79.0	1.0	56.0	1.0	42.0	1.0	12.0	148.87881401972172
53
587	233	220
15
1	96.0	1.0	79.0	1.0	56.0	1.0	8.0	366.0908562792476
2	66.0	1.0	65.0	1.0	42.0	1.0	7.0	174.07543612210767
3	100.0	0.0	36.0	1.0	26.0	1.0	6.0	68.92647727398207
4	78.0	1.0	75.0	1.0	41.0	1.0	9.0	195.3609946475545
5	87.0	1.0	51.0	1.0	49.0	1.0	10.0	159.41591964318488
6	82.0	1.0	47.0	1.0	44.0	1.0	8.0	128.3259873650466
7	37.0	1.0	31.0	1.0	24.0	1.0	10.0	18.20268671569813
8	91.0	1.0	85.0	1.0	46.0	1.0	9.0	105.8242575403005
9	52.0	1.0	51.0	1.0	40.0	1.0	6.0	54.22959817252994
10	96.0	1.0	71.0	1.0	49.0	1.0	6.0	229.91739570561307
11	92.0	0.0	82.0	1.0	42.0	1.0	14.0	153.6910111019252
12	94.0	1.0	93.0	1.0	91.0	1.0	9.0	390.40326310691444
13	86.0	0.0	64.0	0.0	21.0	1.0	7.0	81.37366513114257
14	56.0	0.0	21.0	1.0	21.0	1.0	5.0	19.56626585930814
15	96.0	0.0	74.0	0.0	34.0	1.0	2.0	137.86196240857882
54
587	233	220
15
1	92.0	0.0	70.0	1.0	45.0	1.0	6.0	108.36357543255346
2	83.0	1.0	82.0	1.0	59.0	1.0	9.0	154.35103883840642
3	88.0	0.0	44.0	1.0	23.0	1.0	12.0	42.30544647691051
4	57.0	0.0	49.0	0.0	24.0	1.0	4.0	27.980031649621555
5	91.0	1.0	85.0	1.0	83.0	1.0	9.0	355.7115821394503
6	44.0	1.0	39.0	1.0	24.0	1.0	6.0	33.2595517088341
7	87.0	0.0	76.0	0.0	36.0	1.0	5.0	109.37042596736148
8	93.0	0.0	57.0	1.0	38.0	1.0	7.0	97.93578934576651
9	76.0	0.0	64.0	1.0	35.0	1.0	8.0	72.99510376274331
10	98.0	1.0	94.0	1.0	75.0	1.0	9.0	463.12148665713937
11	60.0	1.0	59.0	1.0	47.0	1.0	5.0	76.13799504964955
12	83.0	1.0	53.0	1.0	43.0	1.0	10.0	96.35441944976057
13	99.0	0.0	64.0	0.0	26.0	1.0	9.0	93.37995823379201
14	91.0	0.0	76.0	0.0	32.0	1.0	10.0	102.44339307899303
15	79.0	0.0	53.0	0.0	25.0	1.0	7.0	58.725537591449
55
587	233	220
15
1	97.0	0.0	95.0	0.0	29.0	1.0	4.0	91.14888522558404
2	92.0	0.0	52.0	1.0	36.0	1.0	4.0	120.88154342863432
3	99.0	1.0	74.0	1.0	60.0	1.0	12.0	344.2007034164182
4	84.0	1.0	69.0	1.0	56.0	1.0	8.0	296.4769915418973
5	94.0	1.0	62.0	1.0	49.0	1.0	10.0	181.00944703573026
6	72.0	0.0	65.0	1.0	36.0	1.0	10.0	138.79375791367326
7	75.0	1.0	57.0	1.0	56.0	1.0	9.0	96.01225736372429
8	88.0	0.0	35.0	1.0	32.0	1.0	5.0	92.07694967293476
9	67.0	0.0	53.0	1.0	29.0	1.0	8.0	56.513970668328014
10	79.0	0.0	47.0	0.0	20.0	1.0	8.0	48.06631912358849
11	67.0	0.0	40.0	1.0	31.0	1.0	7.0	51.76553547691283
12	97.0	0.0	57.0	1.0	37.0	1.0	15.0	117.78093720993175
13	79.0	1.0	63.0	1.0	62.0	1.0	6.0	155.0664942181526
14	99.0	1.0	76.0	1.0	63.0	1.0	10.0	219.55505093033568
15	96.0	0.0	38.0	1.0	30.0	1.0	12.0	64.8092260798789
56
587	233	220
15
1	99.0	0.0	50.0	1.0	31.0	1.0	17.0	70.05022758343843
2	74.0	0.0	62.0	1.0	35.0	1.0	14.0	91.74120598527479
3	98.0	0.0	85.0	1.0	43.0	1.0	16.0	348.25946690193103
4	98.0	0.0	95.0	0.0	25.0	1.0	11.0	169.83208717337158
5	49.0	1.0	31.0	1.0	28.0	1.0	12.0	26.996877394095407
6	39.0	1.0	39.0	1.0	22.0	1.0	17.0	26.31437185037713
7	67.0	1.0	49.0	1.0	38.0	1.0	16.0	45.32672520052165
8	61.0	1.0	41.0	1.0	34.0	1.0	10.0	37.92544535775775
9	70.0	1.0	57.0	1.0	55.0	1.0	23.0	116.11005859357003
10	96.0	0.0	31.0	1.0	29.0	1.0	12.0	37.878415580269774
11	61.0	0.0	37.0	1.0	24.0	1.0	14.0	30.050611002797638
12	64.0	0.0	41.0	1.0	30.0	1.0	14.0	37.06886609180106
13	85.0	0.0	82.0	0.0	34.0	1.0	15.0	137.73459698524206
14	58.0	0.0	31.0	1.0	28.0	1.0	13.0	29.06165576305542
15	42.0	1.0	35.0	1.0	23.0	1.0	17.0	20.187623289060276
57
587	233	220
15
1	64.0	1.0	48.0	1.0	40.0	1.0	12.0	66.53722978825616
2	90.0	0.0	77.0	0.0	20.0	1.0	16.0	117.21977446465993
3	82.0	1.0	55.0	1.0	48.0	1.0	8.0	174.48377367630704
4	70.0	1.0	52.0	1.0	45.0	1.0	24.0	53.956161384839575
5	60.0	1.0	60.0	1.0	34.0	1.0	14.0	71.45437005196844
6	33.0	1.0	33.0	1.0	22.0	1.0	14.0	14.627806258302373
7	71.0	1.0	40.0	1.0	37.0	1.0	11.0	61.127573513671194
8	49.0	0.0	36.0	1.0	23.0	1.0	7.0	29.005519633848785
9	61.0	0.0	28.0	1.0	23.0	1.0	12.0	18.67949143262524
10	88.0	1.0	73.0	1.0	51.0	1.0	10.0	252.71292729159646
11	82.0	0.0	70.0	0.0	23.0	1.0	15.0	90.83850090061178
12	93.0	0.0	66.0	1.0	45.0	1.0	15.0	189.67257592949838
13	65.0	1.0	55.0	1.0	40.0	1.0	18.0	83.94883950510648
14	58.0	1.0	49.0	1.0	43.0	1.0	18.0	92.85077977339415
15	82.0	0.0	63.0	1.0	34.0	1.0	13.0	144.41287060961102
58
587	233	220
15
1	66.0	0.0	38.0	1.0	28.0	1.0	13.0	53.63256602285517
2	98.0	0.0	44.0	1.0	34.0	1.0	15.0	98.88821163414497
3	84.0	0.0	39.0	1.0	31.0	1.0	16.0	61.73952938261693
4	86.0	1.0	51.0	1.0	50.0	1.0	12.0	130.99552518547233
5	97.0	0.0	77.0	0.0	20.0	1.0	13.0	56.89628444937651
6	91.0	1.0	67.0	1.0	49.0	1.0	10.0	213.23636282116834
7	69.0	1.0	57.0	1.0	49.0	1.0	10.0	75.23573509167383
8	70.0	0.0	42.0	1.0	23.0	1.0	16.0	27.15733310554542
9	82.0	1.0	59.0	1.0	48.0	1.0	12.0	182.047552846744
10	54.0	1.0	51.0	1.0	48.0	1.0	19.0	59.23201588736098
11	46.0	0.0	41.0	1.0	23.0	1.0	9.0	20.091047276655864
12	63.0	0.0	50.0	0.0	22.0	1.0	8.0	45.92805927201942
13	100.0	0.0	89.0	1.0	49.0	1.0	17.0	185.16692565144922
14	45.0	1.0	42.0	1.0	36.0	1.0	13.0	39.91076835701634
15	30.0	1.0	23.0	1.0	22.0	1.0	14.0	12.132961448341176
59
587	233	220
15
1	82.0	0.0	39.0	1.0	24.0	1.0	6.0	28.436783899992307
2	66.0	0.0	64.0	0.0	31.0	1.0	5.0	70.63144040362235
3	100.0	1.0	91.0	1.0	83.0	1.0	15.0	263.4147727913874
4	76.0	0.0	51.0	0.0	25.0	1.0	11.0	54.10725017295811
5	65.0	0.0	50.0	0.0	24.0	1.0	8.0	48.4782095593693
6	91.0	0.0	82.0	0.0	33.0	1.0	7.0	125.31836587216691
7	84.0	0.0	38.0	1.0	33.0	1.0	16.0	67.95902769874003
8	93.0	1.0	68.0	1.0	62.0	1.0	12.0	270.2882263244433
9	95.0	0.0	95.0	0.0	38.0	1.0	10.0	210.51582767856416
10	83.0	0.0	68.0	0.0	23.0	1.0	9.0	39.3826530753932
11	46.0	1.0	35.0	1.0	30.0	1.0	11.0	40.99162536235988
12	71.0	0.0	71.0	0.0	20.0	1.0	12.0	58.24556266801581
13	76.0	0.0	46.0	1.0	28.0	1.0	5.0	63.86046401043146
14	40.0	1.0	33.0	1.0	21.0	1.0	14.0	10.365210024097065
15	62.0	0.0	24.0	1.0	23.0	1.0	10.0	19.07671081184537
60
587	233	220
15
1	54.0	0.0	40.0	1.0	26.0	1.0	8.0	41.71795444000038
2	84.0	1.0	82.0	1.0	63.0	1.0	14.0	153.75947227283848
3	50.0	1.0	49.0	1.0	41.0	1.0	8.0	42.37949875904969
4	93.0	0.0	69.0	1.0	36.0	1.0	9.0	225.8759203403789
5	75.0	0.0	72.0	0.0	20.0	1.0	11.0	110.50934580751127
6	59.0	1.0	48.0	1.0	32.0	1.0	12.0	75.43908635399089
7	69.0	1.0	62.0	1.0	49.0	1.0	15.0	97.80758020624546
8	73.0	1.0	65.0	1.0	45.0	1.0	12.0	198.47354063726698
9	79.0	1.0	54.0	1.0	40.0	1.0	12.0	118.92040991996649
10	78.0	1.0	73.0	1.0	70.0	1.0	8.0	216.55254018252984
11	93.0	0.0	92.0	0.0	33.0	1.0	10.0	100.63287330490246
12	86.0	0.0	75.0	0.0	23.0	1.0	5.0	90.10253641793648
13	97.0	0.0	59.0	1.0	41.0	1.0	7.0	191.09412279438857
14	78.0	0.0	33.0	1.0	21.0	1.0	13.0	20.426731650465964
15	96.0	0.0	41.0	1.0	33.0	1.0	11.0	66.36681925052753
61
587	233	220
15
1	51.0	1.0	31.0	1.0	26.0	1.0	16.0	21.941633948825064
2	61.0	0.0	50.0	1.0	28.0	1.0	9.0	32.390793307758486
3	97.0	0.0	84.0	0.0	24.0	1.0	14.0	210.83387474611922
4	94.0	0.0	46.0	1.0	30.0	1.0	9.0	110.091664395031
5	85.0	0.0	54.0	1.0	30.0	1.0	10.0	74.46294744686735
6	78.0	0.0	53.0	1.0	32.0	1.0	15.0	82.91426060921958
7	78.0	0.0	60.0	1.0	38.0	1.0	13.0	151.2498037831891
8	74.0	1.0	62.0	1.0	48.0	1.0	11.0	203.57915567975493
9	79.0	1.0	65.0	1.0	57.0	1.0	10.0	159.39010783141413
10	75.0	1.0	70.0	1.0	66.0	1.0	10.0	214.7693888712597
11	88.0	0.0	87.0	0.0	30.0	1.0	7.0	92.05618667928663
12	64.0	1.0	64.0	1.0	47.0	1.0	16.0	123.13660844107662
13	56.0	0.0	44.0	1.0	25.0	1.0	6.0	34.39723883414238
14	94.0	0.0	60.0	0.0	26.0	1.0	13.0	64.3219428369891
15	79.0	1.0	66.0	1.0	61.0	1.0	10.0	118.14883032066197
62
587	233	220
15
1	97.0	1.0	66.0	1.0	61.0	1.0	6.0	197.14146706905294
2	53.0	0.0	52.0	0.0	21.0	1.0	7.0	38.05418894404961
3	84.0	1.0	81.0	1.0	54.0	1.0	12.0	186.97969483444112
4	71.0	0.0	38.0	1.0	31.0	1.0	7.0	79.2856613541345
5	98.0	1.0	64.0	1.0	57.0	1.0	7.0	192.41449331788942
6	82.0	1.0	66.0	1.0	45.0	1.0	15.0	147.13712696479732
7	87.0	1.0	70.0	1.0	53.0	1.0	6.0	219.7049721284739
8	87.0	1.0	75.0	1.0	50.0	1.0	9.0	136.50892129319112
9	100.0	1.0	97.0	1.0	59.0	1.0	9.0	427.28046592071354
10	70.0	0.0	28.0	1.0	22.0	1.0	6.0	26.692792850531088
11	88.0	0.0	76.0	0.0	31.0	1.0	4.0	128.74388252905283
12	69.0	0.0	63.0	0.0	29.0	1.0	8.0	58.00812569390664
13	84.0	0.0	63.0	1.0	40.0	1.0	12.0	80.06453222517938
14	56.0	1.0	43.0	1.0	41.0	1.0	8.0	54.13385027538541
15	70.0	0.0	69.0	0.0	23.0	1.0	6.0	97.5746117834266
63
587	233	220
15
1	72.0	1.0	65.0	1.0	62.0	1.0	10.0	126.1731260382268
2	100.0	0.0	32.0	1.0	20.0	1.0	7.0	43.48267712523804
3	68.0	0.0	27.0	1.0	20.0	1.0	11.0	25.020742859355636
4	77.0	0.0	70.0	0.0	26.0	1.0	12.0	111.36593231512506
5	93.0	0.0	86.0	0.0	23.0	1.0	10.0	147.22290673188945
6	66.0	1.0	59.0	1.0	58.0	1.0	14.0	97.88002155010096
7	71.0	0.0	50.0	1.0	34.0	1.0	14.0	62.289854707014854
8	64.0	1.0	49.0	1.0	48.0	1.0	13.0	75.78552550503007
9	55.0	1.0	53.0	1.0	48.0	1.0	12.0	61.88995937369397
10	91.0	0.0	32.0	1.0	23.0	1.0	14.0	51.72506575369676
11	91.0	1.0	56.0	1.0	47.0	1.0	8.0	94.23440292297278
12	47.0	1.0	42.0	1.0	38.0	1.0	12.0	67.49633620571684
13	67.0	0.0	33.0	1.0	20.0	1.0	16.0	31.306070218163015
14	100.0	0.0	49.0	1.0	48.0	1.0	13.0	190.04462609182923
15	83.0	1.0	81.0	1.0	73.0	1.0	13.0	232.1396958592038
64
587	233	220
15
1	71.0	0.0	37.0	1.0	29.0	1.0	15.0	29.754241309270714
2	80.0	0.0	59.0	0.0	27.0	1.0	12.0	72.18095306869755
3	67.0	0.0	41.0	0.0	20.0	1.0	7.0	36.584822625994875
4	94.0	0.0	56.0	1.0	35.0	1.0	7.0	68.89291502135794
5	98.0	1.0	77.0	1.0	50.0	1.0	10.0	184.309360469715
6	99.0	0.0	82.0	0.0	21.0	1.0	12.0	137.7540245556722
7	93.0	1.0	82.0	1.0	48.0	1.0	12.0	149.98295416231682
8	93.0	1.0	66.0	1.0	54.0	1.0	17.0	178.0945057067186
9	91.0	0.0	54.0	1.0	31.0	1.0	13.0	107.45984795832788
10	32.0	1.0	31.0	1.0	26.0	1.0	14.0	23.010527272988654
11	39.0	1.0	39.0	1.0	28.0	1.0	12.0	27.14037763186155
12	41.0	1.0	33.0	1.0	23.0	1.0	12.0	20.879448822786102
13	69.0	0.0	64.0	0.0	32.0	1.0	16.0	60.06810728823705
14	78.0	1.0	78.0	1.0	57.0	1.0	7.0	239.43040447839832
15	79.0	1.0	46.0	1.0	45.0	1.0	10.0	60.794400117431856
65
587	233	220
15
1	64.0	0.0	52.0	0.0	24.0	1.0	11.0	38.77806704779783
2	76.0	0.0	57.0	0.0	25.0	1.0	11.0	55.661011342814184
3	95.0	0.0	55.0	0.0	26.0	1.0	11.0	77.01021359601839
4	87.0	0.0	45.0	1.0	30.0	1.0	9.0	46.50006287531672
5	66.0	1.0	50.0	1.0	39.0	1.0	13.0	61.723927122542506
6	86.0	0.0	69.0	0.0	26.0	1.0	11.0	99.49310154160494
7	67.0	1.0	63.0	1.0	42.0	1.0	12.0	70.72770108400111
8	61.0	1.0	58.0	1.0	33.0	1.0	11.0	74.64665426698133
9	71.0	1.0	61.0	1.0	59.0	1.0	15.0	119.64714206879611
10	54.0	1.0	49.0	1.0	36.0	1.0	17.0	48.84581277638027
11	100.0	0.0	62.0	1.0	50.0	1.0	16.0	170.72401700689252
12	96.0	1.0	65.0	1.0	52.0	1.0	9.0	183.0399843293648
13	63.0	1.0	54.0	1.0	46.0	1.0	13.0	87.0459347497382
14	62.0	1.0	50.0	1.0	38.0	1.0	13.0	62.95292685931523
15	88.0	0.0	42.0	1.0	38.0	1.0	12.0	127.28791547716772
66
587	233	220
15
1	94.0	1.0	93.0	1.0	71.0	1.0	2.0	324.8263401611187
2	94.0	1.0	89.0	1.0	86.0	1.0	8.0	399.04138364275724
3	92.0	1.0	77.0	1.0	65.0	1.0	7.0	230.24381535314808
4	92.0	0.0	71.0	1.0	37.0	1.0	6.0	90.88814016057371
5	83.0	1.0	80.0	1.0	64.0	1.0	13.0	235.84941851115056
6	63.0	1.0	53.0	1.0	46.0	1.0	9.0	122.84301802074431
7	97.0	0.0	73.0	0.0	28.0	1.0	7.0	138.31296028911805
8	67.0	1.0	41.0	1.0	40.0	1.0	7.0	53.39842411520424
9	73.0	1.0	50.0	1.0	46.0	1.0	10.0	133.6782463414904
10	96.0	0.0	56.0	0.0	25.0	1.0	3.0	88.70539057078673
11	74.0	0.0	57.0	1.0	34.0	1.0	9.0	106.06540275310645
12	95.0	1.0	94.0	1.0	67.0	1.0	4.0	355.8694734283067
13	77.0	0.0	71.0	0.0	26.0	1.0	5.0	87.67697827461056
14	69.0	0.0	57.0	0.0	21.0	1.0	2.0	39.293748253379476
15	100.0	1.0	71.0	1.0	60.0	1.0	5.0	194.46350442255024
67
587	233	220
15
1	91.0	0.0	59.0	1.0	35.0	1.0	12.0	192.01249430104826
2	51.0	0.0	35.0	1.0	23.0	1.0	12.0	34.00573175726439
3	99.0	0.0	78.0	0.0	25.0	1.0	4.0	92.72313901835511
4	75.0	0.0	51.0	0.0	23.0	1.0	8.0	71.7044450313977
5	84.0	0.0	38.0	1.0	37.0	1.0	5.0	62.57373093973576
6	71.0	1.0	46.0	1.0	39.0	1.0	11.0	55.69295421370992
7	99.0	0.0	70.0	0.0	31.0	1.0	6.0	91.37900011202288
8	87.0	1.0	85.0	1.0	56.0	1.0	11.0	315.1955214736255
9	98.0	1.0	72.0	1.0	61.0	1.0	9.0	246.32620109209492
10	55.0	1.0	45.0	1.0	41.0	1.0	9.0	61.60392848653482
11	52.0	1.0	49.0	1.0	44.0	1.0	5.0	48.177237479315494
12	76.0	1.0	72.0	1.0	67.0	1.0	12.0	216.17143619849156
13	55.0	1.0	53.0	1.0	30.0	1.0	9.0	59.72848435099938
14	93.0	1.0	84.0	1.0	84.0	1.0	10.0	661.12349333993
15	64.0	1.0	54.0	1.0	44.0	1.0	6.0	87.77656191742388
68
587	233	220
15
1	84.0	1.0	77.0	1.0	65.0	1.0	7.0	169.6363966631303
2	84.0	1.0	78.0	1.0	46.0	1.0	7.0	101.81668904911892
3	79.0	0.0	56.0	1.0	38.0	1.0	8.0	130.44166825374018
4	51.0	1.0	33.0	1.0	28.0	1.0	10.0	24.74839721721184
5	89.0	1.0	81.0	1.0	70.0	1.0	6.0	315.45122648216693
6	80.0	0.0	53.0	0.0	23.0	1.0	5.0	69.46635643477117
7	96.0	0.0	95.0	0.0	41.0	1.0	12.0	188.85611066187082
8	71.0	0.0	61.0	0.0	26.0	1.0	14.0	67.26763444600095
9	83.0	0.0	46.0	1.0	40.0	1.0	6.0	59.49676273378565
10	59.0	0.0	45.0	1.0	29.0	1.0	7.0	41.38452190161674
11	60.0	1.0	50.0	1.0	43.0	1.0	5.0	41.08160460060739
12	93.0	0.0	54.0	1.0	39.0	1.0	6.0	99.5473908115054
13	90.0	0.0	79.0	1.0	43.0	1.0	13.0	139.55734682615284
14	89.0	1.0	77.0	1.0	59.0	1.0	11.0	251.62406184505537
15	88.0	1.0	84.0	1.0	45.0	1.0	5.0	240.0493968163791
69
587	233	220
15
1	54.0	0.0	47.0	0.0	21.0	1.0	10.0	22.916996727506223
2	100.0	0.0	93.0	0.0	42.0	1.0	8.0	226.43664776913334
3	85.0	0.0	54.0	1.0	35.0	1.0	12.0	116.41222857516867
4	76.0	1.0	53.0	1.0	42.0	1.0	9.0	81.75782776880143
5	87.0	0.0	65.0	0.0	30.0	1.0	13.0	56.19798003586425
6	99.0	0.0	58.0	1.0	41.0	1.0	10.0	88.47018026259123
7	94.0	0.0	64.0	1.0	45.0	1.0	10.0	130.15146820949383
8	64.0	1.0	63.0	1.0	42.0	1.0	15.0	63.641717314954604
9	96.0	0.0	65.0	1.0	40.0	1.0	13.0	175.89498175159306
10	76.0	0.0	64.0	1.0	37.0	1.0	8.0	122.67993011782205
11	47.0	1.0	46.0	1.0	32.0	1.0	8.0	55.36739686275228
12	92.0	1.0	84.0	1.0	81.0	1.0	8.0	221.0914686029669
13	52.0	0.0	26.0	1.0	20.0	1.0	17.0	13.613392534067794
14	60.0	1.0	58.0	1.0	35.0	1.0	9.0	79.86108700157952
15	80.0	0.0	34.0	1.0	34.0	1.0	10.0	46.495006664851324
70
587	233	220
15
1	65.0	0.0	60.0	0.0	25.0	1.0	15.0	46.47358630004118
2	71.0	0.0	43.0	1.0	29.0	1.0	15.0	35.19961380024884
3	83.0	0.0	80.0	0.0	25.0	1.0	13.0	52.851977728068924
4	82.0	1.0	77.0	1.0	53.0	1.0	10.0	238.3602282673857
5	42.0	1.0	29.0	1.0	29.0	1.0	14.0	12.997410132265635
6	97.0	1.0	74.0	1.0	57.0	1.0	14.0	281.7982873416048
7	99.0	0.0	24.0	1.0	22.0	1.0	11.0	40.27395771973144
8	70.0	1.0	43.0	1.0	36.0	1.0	13.0	62.258040704833235
9	68.0	0.0	42.0	0.0	20.0	1.0	7.0	31.482545922850047
10	58.0	0.0	52.0	0.0	24.0	1.0	16.0	49.8278430327342
11	69.0	0.0	63.0	0.0	31.0	1.0	13.0	71.8362567692949
12	84.0	0.0	46.0	1.0	28.0	1.0	11.0	65.71013086594095
13	75.0	0.0	36.0	1.0	20.0	1.0	13.0	30.968555836414996
14	96.0	0.0	69.0	1.0	40.0	1.0	9.0	163.7286753799215
15	86.0	1.0	85.0	1.0	57.0	1.0	14.0	176.6231919889009
71
587	233	220
15
1	63.0	0.0	48.0	1.0	29.0	1.0	12.0	45.9584707420216
2	56.0	1.0	39.0	1.0	33.0	1.0	8.0	44.297631418158886
3	97.0	0.0	87.0	0.0	22.0	1.0	7.0	149.52777083921168
4	96.0	0.0	53.0	1.0	36.0	1.0	12.0	148.68668301139715
5	84.0	1.0	52.0	1.0	45.0	1.0	9.0	83.75554086886284
6	96.0	1.0	76.0	1.0	63.0	1.0	8.0	237.27602425715315
7	98.0	0.0	66.0	0.0	32.0	1.0	7.0	123.53719411106879
8	82.0	0.0	82.0	0.0	32.0	1.0	14.0	95.30394485365703
9	70.0	1.0	65.0	1.0	50.0	1.0	9.0	114.8444207240318
10	54.0	1.0	53.0	1.0	31.0	1.0	17.0	45.1940171431882
11	93.0	0.0	80.0	0.0	33.0	1.0	12.0	93.245569343513
12	99.0	0.0	52.0	1.0	38.0	1.0	12.0	146.81369079126225
13	84.0	0.0	40.0	1.0	39.0	1.0	11.0	46.80096053321669
14	91.0	1.0	89.0	1.0	83.0	1.0	4.0	259.590562905887
15	91.0	0.0	51.0	1.0	41.0	1.0	10.0	81.86875385949396
72
587	233	220
15
1	76.0	0.0	64.0	1.0	37.0	1.0	7.0	105.04962517048786
2	100.0	1.0	69.0	1.0	59.0	1.0	9.0	267.80391265451
3	65.0	1.0	47.0	1.0	38.0	1.0	12.0	57.576774620106065
4	98.0	1.0	86.0	1.0	77.0	1.0	7.0	416.28584804907314
5	89.0	0.0	72.0	1.0	40.0	1.0	8.0	197.25418259964593
6	97.0	1.0	90.0	1.0	67.0	1.0	12.0	367.27157238883433
7	96.0	0.0	42.0	1.0	30.0	1.0	7.0	76.01810134262632
8	64.0	0.0	53.0	1.0	29.0	1.0	8.0	45.94509824158619
9	97.0	0.0	32.0	1.0	31.0	1.0	8.0	88.37748903125848
10	73.0	1.0	72.0	1.0	68.0	1.0	11.0	164.38082902785982
11	95.0	0.0	46.0	1.0	41.0	1.0	8.0	90.53250947108884
12	87.0	0.0	38.0	1.0	21.0	1.0	7.0	23.096793039530613
13	55.0	1.0	32.0	1.0	29.0	1.0	10.0	40.33447182173544
14	36.0	1.0	36.0	1.0	26.0	1.0	7.0	19.86846122190806
15	85.0	0.0	69.0	0.0	20.0	1.0	7.0	98.82948798546862
73
587	233	220
15
1	93.0	1.0	81.0	1.0	61.0	1.0	12.0	423.9990573049678
2	66.0	0.0	58.0	1.0	31.0	1.0	14.0	73.54417154493419
3	99.0	0.0	79.0	0.0	22.0	1.0	12.0	83.7708281697503
4	72.0	0.0	57.0	0.0	27.0	1.0	10.0	44.052057612106296
5	94.0	0.0	86.0	0.0	34.0	1.0	11.0	164.47206028207066
6	56.0	1.0	45.0	1.0	35.0	1.0	19.0	54.4044867897917
7	89.0	0.0	60.0	0.0	22.0	1.0	6.0	73.83106996151959
8	73.0	0.0	40.0	1.0	26.0	1.0	5.0	40.847627037960734
9	60.0	1.0	51.0	1.0	44.0	1.0	13.0	71.45971709416584
10	85.0	0.0	32.0	1.0	32.0	1.0	10.0	32.99985282219503
11	90.0	0.0	82.0	0.0	22.0	1.0	17.0	95.2709891423101
12	60.0	1.0	58.0	1.0	54.0	1.0	12.0	93.41812746769315
13	67.0	1.0	49.0	1.0	36.0	1.0	6.0	49.5994880767284
14	90.0	1.0	71.0	1.0	68.0	1.0	6.0	390.6269085465877
15	85.0	1.0	50.0	1.0	43.0	1.0	16.0	68.94654089256045
74
587	233	220
15
1	69.0	1.0	63.0	1.0	58.0	1.0	5.0	122.64035843343471
2	81.0	1.0	57.0	1.0	48.0	1.0	9.0	123.11129291593778
3	92.0	1.0	67.0	1.0	58.0	1.0	6.0	156.30787774884246
4	85.0	1.0	54.0	1.0	44.0	1.0	7.0	133.97322888713865
5	55.0	0.0	31.0	1.0	21.0	1.0	10.0	19.845610026280706
6	98.0	1.0	68.0	1.0	54.0	1.0	7.0	173.08504308770807
7	80.0	0.0	77.0	0.0	27.0	1.0	6.0	111.12130948517041
8	70.0	1.0	58.0	1.0	51.0	1.0	9.0	103.9148728287599
9	77.0	0.0	75.0	0.0	28.0	1.0	5.0	88.70588058594657
10	94.0	1.0	94.0	1.0	76.0	1.0	8.0	299.4900141118444
11	79.0	1.0	65.0	1.0	41.0	1.0	7.0	102.74319730737217
12	78.0	0.0	56.0	1.0	36.0	1.0	7.0	69.08793891087427
13	88.0	1.0	79.0	1.0	66.0	1.0	8.0	333.5629359474406
14	54.0	0.0	39.0	1.0	23.0	1.0	6.0	22.834060103647097
15	99.0	1.0	73.0	1.0	71.0	1.0	9.0	444.75921333889255
75
587	233	220
15
1	66.0	0.0	43.0	1.0	31.0	1.0	9.0	38.61308667777985
2	79.0	0.0	77.0	0.0	35.0	1.0	10.0	72.53546629362857
3	63.0	1.0	52.0	1.0	45.0	1.0	10.0	72.7080789053931
4	93.0	0.0	70.0	1.0	38.0	1.0	10.0	127.08229004661688
5	63.0	0.0	44.0	1.0	28.0	1.0	9.0	25.36583742818851
6	59.0	1.0	43.0	1.0	32.0	1.0	8.0	52.093467602476636
7	97.0	0.0	70.0	1.0	43.0	1.0	7.0	236.4069320481845
8	71.0	1.0	70.0	1.0	68.0	1.0	10.0	170.98827371588504
9	86.0	1.0	76.0	1.0	50.0	1.0	18.0	107.48872885158472
10	67.0	1.0	58.0	1.0	56.0	1.0	7.0	120.25695591775116
11	86.0	0.0	70.0	0.0	25.0	1.0	11.0	86.19918129890362
12	92.0	1.0	60.0	1.0	47.0	1.0	13.0	159.39047053027465
13	92.0	0.0	40.0	1.0	23.0	1.0	6.0	38.00809256251183
14	100.0	0.0	48.0	1.0	36.0	1.0	14.0	89.24904399934508
15	69.0	0.0	57.0	1.0	29.0	1.0	9.0	62.435800598301924
76
587	233	220
15
1	96.0	0.0	67.0	1.0	42.0	1.0	6.0	212.1875872569893
2	51.0	1.0	50.0	1.0	47.0	1.0	13.0	67.35888026885662
3	80.0	1.0	72.0	1.0	51.0	1.0	8.0	183.7089235119996
4	84.0	0.0	77.0	0.0	31.0	1.0	13.0	92.272802268085
5	91.0	1.0	84.0	1.0	59.0	1.0	8.0	236.13720066571332
6	74.0	0.0	40.0	1.0	23.0	1.0	12.0	41.54894638433517
7	99.0	1.0	85.0	1.0	53.0	1.0	10.0	296.69236055306885
8	43.0	1.0	42.0	1.0	34.0	1.0	8.0	34.70470141214587
9	92.0	0.0	65.0	0.0	22.0	1.0	12.0	74.32135487066805
10	92.0	0.0	43.0	1.0	29.0	1.0	7.0	115.70241780061636
11	100.0	0.0	96.0	0.0	22.0	1.0	8.0	126.70954480410197
12	68.0	1.0	43.0	1.0	39.0	1.0	8.0	86.69539961133093
13	93.0	0.0	83.0	0.0	36.0	1.0	10.0	121.11999088332529
14	73.0	1.0	63.0	1.0	44.0	1.0	13.0	89.20020274190239
15	82.0	1.0	65.0	1.0	58.0	1.0	7.0	232.88936774608032
77
587	233	220
15
1	87.0	0.0	44.0	1.0	30.0	1.0	14.0	107.36058459277106
2	88.0	1.0	51.0	1.0	49.0	1.0	12.0	111.32846112099968
3	98.0	1.0	90.0	1.0	83.0	1.0	12.0	364.73169249746763
4	83.0	0.0	34.0	1.0	21.0	1.0	11.0	28.760896982090173
5	71.0	1.0	58.0	1.0	48.0	1.0	12.0	120.26605681692152
6	84.0	0.0	52.0	0.0	26.0	1.0	12.0	63.22307537781441
7	67.0	0.0	49.0	1.0	33.0	1.0	11.0	52.085161966046975
8	95.0	0.0	78.0	0.0	38.0	1.0	8.0	223.93187283608523
9	86.0	0.0	63.0	1.0	34.0	1.0	12.0	99.14856978566375
10	63.0	0.0	37.0	1.0	29.0	1.0	11.0	31.57397631527064
11	89.0	0.0	64.0	0.0	28.0	1.0	11.0	94.69708340299842
12	95.0	0.0	61.0	1.0	45.0	1.0	9.0	120.11622919276144
13	36.0	1.0	23.0	1.0	23.0	1.0	12.0	8.02061113218783
14	52.0	0.0	25.0	1.0	23.0	1.0	10.0	10.792858531245269
15	57.0	1.0	50.0	1.0	38.0	1.0	14.0	85.21895926220915
78
587	233	220
15
1	91.0	1.0	90.0	1.0	59.0	1.0	8.0	247.58062039196284
2	59.0	1.0	50.0	1.0	39.0	1.0	10.0	60.795722599964705
3	92.0	1.0	92.0	1.0	65.0	1.0	15.0	241.18170745831978
4	90.0	0.0	66.0	0.0	28.0	1.0	11.0	99.6097588248023
5	99.0	0.0	52.0	0.0	22.0	1.0	10.0	52.51124184915966
6	97.0	0.0	54.0	1.0	37.0	1.0	8.0	88.86709608896909
7	91.0	0.0	58.0	1.0	35.0	1.0	10.0	89.56032965213964
8	70.0	0.0	56.0	1.0	32.0	1.0	7.0	44.802998799706415
9	97.0	0.0	46.0	1.0	35.0	1.0	9.0	107.11865824375099
10	90.0	0.0	87.0	0.0	35.0	1.0	8.0	160.40379837734295
11	26.0	1.0	21.0	1.0	20.0	1.0	7.0	10.11240820393172
12	97.0	0.0	36.0	1.0	31.0	1.0	11.0	94.9438564370072
13	65.0	1.0	58.0	1.0	46.0	1.0	8.0	85.8956154622109
14	95.0	0.0	42.0	1.0	28.0	1.0	9.0	53.25435362987529
15	79.0	1.0	52.0	1.0	47.0	1.0	12.0	72.07732785051103
79
587	233	220
15
1	91.0	0.0	31.0	1.0	24.0	1.0	14.0	36.31179466582204
2	99.0	1.0	95.0	1.0	58.0	1.0	12.0	176.63170180050722
3	87.0	0.0	28.0	1.0	20.0	1.0	8.0	26.438242393293955
4	95.0	0.0	38.0	1.0	25.0	1.0	9.0	59.64743619932712
5	93.0	1.0	67.0	1.0	49.0	1.0	12.0	115.9392687972827
6	98.0	1.0	84.0	1.0	67.0	1.0	8.0	249.9733327820886
7	63.0	1.0	49.0	1.0	44.0	1.0	4.0	61.71790896479713
8	70.0	0.0	31.0	1.0	30.0	1.0	7.0	32.80629167206169
9	78.0	0.0	52.0	1.0	39.0	1.0	4.0	89.05466073125892
10	99.0	0.0	69.0	0.0	22.0	1.0	12.0	108.9201228934555
11	86.0	0.0	52.0	1.0	31.0	1.0	9.0	130.3872232823244
12	99.0	0.0	96.0	0.0	28.0	1.0	6.0	150.33797525160958
13	77.0	1.0	61.0	1.0	61.0	1.0	14.0	168.5023535526047
14	92.0	0.0	79.0	0.0	28.0	1.0	10.0	117.21853984392568
15	69.0	0.0	52.0	0.0	23.0	1.0	7.0	51.51751859471257
80
587	233	220
15
1	78.0	0.0	61.0	1.0	38.0	1.0	12.0	126.4499967107925
2	61.0	1.0	61.0	1.0	35.0	1.0	7.0	73.3214072135546
3	99.0	1.0	90.0	1.0	71.0	1.0	8.0	471.5180202231789
4	78.0	0.0	58.0	1.0	32.0	1.0	8.0	85.95165348710744
5	73.0	0.0	72.0	0.0	32.0	1.0	14.0	141.5994917372213
6	65.0	1.0	65.0	1.0	49.0	1.0	12.0	89.7982908809201
7	67.0	1.0	45.0	1.0	42.0	1.0	8.0	69.82419833640675
8	67.0	0.0	38.0	1.0	20.0	1.0	11.0	26.217765152275685
9	100.0	1.0	85.0	1.0	76.0	1.0	15.0	563.8867421009601
10	60.0	0.0	48.0	1.0	29.0	1.0	11.0	36.31781928039074
11	71.0	0.0	62.0	0.0	24.0	1.0	13.0	53.42774000516668
12	93.0	0.0	25.0	1.0	22.0	1.0	11.0	29.070299654392432
13	88.0	0.0	35.0	1.0	23.0	1.0	9.0	55.06924712878631
14	71.0	0.0	43.0	0.0	21.0	1.0	7.0	42.58352444208046
15	67.0	0.0	63.0	0.0	23.0	1.0	7.0	44.96799399392815
81
587	233	220
15
1	74.0	0.0	33.0	1.0	29.0	1.0	17.0	33.65878599241989
2	68.0	0.0	24.0	1.0	24.0	1.0	24.0	12.783135230142774
3	83.0	0.0	47.0	0.0	22.0	1.0	11.0	60.23158215565287
4	90.0	1.0	73.0	1.0	59.0	1.0	17.0	351.5598684250757
5	89.0	0.0	81.0	0.0	33.0	1.0	11.0	104.46055795605982
6	39.0	1.0	36.0	1.0	22.0	1.0	16.0	22.83400589495346
7	91.0	0.0	57.0	0.0	23.0	1.0	16.0	103.87876870744742
8	49.0	0.0	49.0	0.0	23.0	1.0	20.0	32.67249811684598
9	94.0	1.0	67.0	1.0	61.0	1.0	11.0	306.2639416613824
10	59.0	0.0	28.0	1.0	26.0	1.0	22.0	22.450481418124205
11	95.0	0.0	65.0	0.0	21.0	1.0	11.0	44.12066340690641
12	85.0	0.0	73.0	1.0	40.0	1.0	12.0	156.05300324306822
13	81.0	0.0	63.0	0.0	31.0	1.0	12.0	74.96766234343595
14	66.0	0.0	37.0	1.0	22.0	1.0	23.0	40.88638534245883
15	95.0	0.0	39.0	1.0	30.0	1.0	14.0	60.6608277784434
82
587	233	220
15
1	66.0	0.0	53.0	1.0	28.0	1.0	8.0	62.90564224758443
2	99.0	1.0	88.0	1.0	57.0	1.0	13.0	402.3752184398778
3	86.0	0.0	29.0	1.0	26.0	1.0	10.0	44.967647257897056
4	66.0	1.0	46.0	1.0	35.0	1.0	7.0	61.60049883793867
5	78.0	1.0	72.0	1.0	68.0	1.0	10.0	329.2157842859732
6	91.0	0.0	39.0	1.0	21.0	1.0	5.0	35.32066149106807
7	91.0	0.0	68.0	0.0	27.0	1.0	7.0	129.26039258572175
8	69.0	1.0	54.0	1.0	53.0	1.0	7.0	99.4258926838437
9	72.0	0.0	29.0	1.0	23.0	1.0	13.0	22.67162219416061
10	95.0	0.0	30.0	1.0	29.0	1.0	14.0	45.713995888563936
11	98.0	1.0	67.0	1.0	52.0	1.0	10.0	242.83657300793965
12	79.0	1.0	76.0	1.0	42.0	1.0	12.0	93.27351571195503
13	77.0	1.0	60.0	1.0	42.0	1.0	12.0	166.6502508651599
14	80.0	0.0	28.0	1.0	23.0	1.0	8.0	16.86385517222806
15	99.0	1.0	77.0	1.0	53.0	1.0	9.0	411.1578615197246
83
587	233	220
15
1	52.0	1.0	47.0	1.0	43.0	1.0	9.0	48.98593430670413
2	96.0	1.0	51.0	1.0	50.0	1.0	14.0	110.03971720291989
3	78.0	1.0	62.0	1.0	41.0	1.0	8.0	100.8216580062204
4	87.0	0.0	43.0	1.0	24.0	1.0	5.0	42.90047192353137
5	61.0	1.0	58.0	1.0	55.0	1.0	7.0	110.9258367758275
6	97.0	0.0	82.0	1.0	44.0	1.0	8.0	217.40045492523254
7	96.0	0.0	32.0	1.0	23.0	1.0	8.0	68.55532658046512
8	100.0	1.0	95.0	1.0	70.0	1.0	14.0	485.0077972716833
9	74.0	1.0	57.0	1.0	45.0	1.0	7.0	67.17809013170364
10	86.0	1.0	60.0	1.0	58.0	1.0	4.0	141.08635263113254
11	67.0	0.0	59.0	0.0	25.0	1.0	9.0	82.3353347114403
12	97.0	1.0	70.0	1.0	70.0	1.0	9.0	243.41265664421113
13	94.0	0.0	42.0	1.0	25.0	1.0	6.0	70.59177535259884
14	73.0	0.0	35.0	1.0	25.0	1.0	9.0	60.98829185418181
15	65.0	0.0	43.0	1.0	27.0	1.0	6.0	33.29831172832166
84
587	233	220
15
1	81.0	1.0	59.0	1.0	55.0	1.0	7.0	155.31736575934048
2	78.0	0.0	53.0	1.0	32.0	1.0	7.0	79.43725998434687
3	95.0	1.0	91.0	1.0	79.0	1.0	9.0	230.9423600976939
4	76.0	1.0	66.0	1.0	48.0	1.0	2.0	221.32487851149492
5	99.0	1.0	91.0	1.0	80.0	1.0	8.0	420.2027482507097
6	59.0	1.0	45.0	1.0	40.0	1.0	8.0	78.5064328305548
7	96.0	0.0	67.0	0.0	31.0	1.0	6.0	127.94785340949885
8	100.0	0.0	86.0	1.0	47.0	1.0	6.0	385.52643249178703
9	83.0	1.0	77.0	1.0	71.0	1.0	6.0	240.4177603444976
10	79.0	1.0	67.0	1.0	47.0	1.0	9.0	106.24600481535717
11	72.0	0.0	32.0	1.0	25.0	1.0	11.0	32.623911639942975
12	67.0	1.0	38.0	1.0	36.0	1.0	8.0	49.503590408744714
13	94.0	0.0	49.0	1.0	42.0	1.0	6.0	169.8351460759971
14	93.0	0.0	67.0	1.0	42.0	1.0	4.0	145.12385521855578
15	99.0	0.0	90.0	0.0	33.0	1.0	6.0	183.30948524773228
85
587	233	220
15
1	58.0	1.0	43.0	1.0	30.0	1.0	11.0	54.30856576763628
2	70.0	0.0	40.0	1.0	22.0	1.0	10.0	31.02589520821769
3	100.0	0.0	56.0	1.0	37.0	1.0	7.0	85.90206452942031
4	87.0	1.0	67.0	1.0	58.0	1.0	8.0	179.68004977361596
5	38.0	1.0	34.0	1.0	26.0	1.0	17.0	16.57676496293489
6	77.0	0.0	24.0	1.0	21.0	1.0	12.0	17.983730106837015
7	88.0	1.0	82.0	1.0	57.0	1.0	16.0	207.83682060191995
8	100.0	0.0	36.0	1.0	30.0	1.0	12.0	55.65353392326812
9	75.0	0.0	72.0	0.0	30.0	1.0	10.0	82.11491510199943
10	87.0	1.0	84.0	1.0	70.0	1.0	10.0	277.74087052773405
11	74.0	0.0	73.0	1.0	37.0	1.0	16.0	65.7335900695861
12	69.0	0.0	37.0	1.0	25.0	1.0	15.0	25.11481023748348
13	59.0	0.0	42.0	1.0	28.0	1.0	12.0	45.15755633948359
14	84.0	0.0	48.0	1.0	28.0	1.0	23.0	56.614132373393396
15	74.0	0.0	34.0	1.0	29.0	1.0	17.0	67.50065992810137
86
587	233	220
15
1	66.0	0.0	47.0	0.0	21.0	1.0	8.0	28.121449377730446
2	98.0	0.0	72.0	0.0	29.0	1.0	12.0	106.76599574600041
3	76.0	0.0	35.0	1.0	28.0	1.0	7.0	57.85527672904231
4	73.0	1.0	70.0	1.0	47.0	1.0	9.0	138.63064197661862
5	90.0	0.0	79.0	0.0	21.0	1.0	18.0	118.14507033817209
6	82.0	1.0	77.0	1.0	64.0	1.0	8.0	135.01055579930159
7	84.0	0.0	38.0	1.0	33.0	1.0	11.0	78.51586937993333
8	86.0	0.0	62.0	1.0	43.0	1.0	8.0	172.2200020162926
9	65.0	1.0	56.0	1.0	43.0	1.0	8.0	114.08313627403201
10	90.0	0.0	21.0	1.0	20.0	1.0	10.0	27.806223695307626
11	55.0	1.0	47.0	1.0	29.0	1.0	9.0	38.031499165367116
12	85.0	1.0	76.0	1.0	44.0	1.0	11.0	213.44778918957553
13	100.0	1.0	90.0	1.0	79.0	1.0	12.0	358.9338563080309
14	100.0	0.0	56.0	1.0	29.0	1.0	5.0	112.11762851906599
15	77.0	0.0	56.0	0.0	24.0	1.0	6.0	59.250389873237474
87
587	233	220
15
1	94.0	0.0	69.0	0.0	32.0	1.0	15.0	181.74583998353174
2	99.0	0.0	48.0	1.0	34.0	1.0	9.0	80.82555554493382
3	91.0	1.0	75.0	1.0	67.0	1.0	9.0	321.170951353359
4	91.0	0.0	68.0	0.0	29.0	1.0	14.0	127.2575662044
5	48.0	1.0	47.0	1.0	33.0	1.0	7.0	35.74194306327249
6	63.0	0.0	35.0	1.0	23.0	1.0	10.0	38.09879936844137
7	91.0	1.0	74.0	1.0	62.0	1.0	2.0	220.3396353218906
8	51.0	0.0	48.0	0.0	24.0	1.0	8.0	31.536933146465294
9	85.0	0.0	79.0	0.0	34.0	1.0	15.0	105.58388293257578
10	87.0	0.0	76.0	0.0	32.0	1.0	9.0	98.92599780889662
11	52.0	1.0	43.0	1.0	37.0	1.0	9.0	34.737894401059734
12	93.0	0.0	47.0	1.0	30.0	1.0	10.0	130.153539405715
13	45.0	1.0	38.0	1.0	25.0	1.0	14.0	29.603811713250767
14	94.0	1.0	85.0	1.0	59.0	1.0	15.0	276.0416358132734
15	70.0	1.0	61.0	1.0	44.0	1.0	8.0	90.3272536186374
88
587	233	220
15
1	96.0	0.0	77.0	1.0	48.0	1.0	5.0	256.17914103483537
2	76.0	0.0	58.0	0.0	22.0	1.0	11.0	47.944170667913404
3	87.0	0.0	74.0	0.0	34.0	1.0	14.0	177.91488589341557
4	97.0	0.0	66.0	1.0	42.0	1.0	13.0	89.09645785145787
5	82.0	0.0	55.0	1.0	35.0	1.0	5.0	57.031141865891605
6	62.0	0.0	51.0	1.0	31.0	1.0	13.0	59.456733679959065
7	84.0	0.0	59.0	1.0	36.0	1.0	11.0	99.02412313955458
8	49.0	1.0	31.0	1.0	25.0	1.0	7.0	21.66646627143973
9	98.0	0.0	46.0	1.0	32.0	1.0	8.0	78.08281501967465
10	93.0	1.0	71.0	1.0	63.0	1.0	12.0	271.6196005078807
11	81.0	0.0	80.0	0.0	36.0	1.0	7.0	156.89958683634035
12	94.0	0.0	77.0	0.0	26.0	1.0	15.0	135.80142289700902
13	80.0	1.0	43.0	1.0	42.0	1.0	9.0	118.07246079420347
14	100.0	0.0	72.0	1.0	46.0	1.0	5.0	178.80031876345925
15	92.0	0.0	73.0	1.0	38.0	1.0	11.0	201.81200850025158
89
587	233	220
15
1	61.0	1.0	61.0	1.0	60.0	1.0	10.0	81.04687808068749
2	60.0	0.0	33.0	1.0	28.0	1.0	7.0	33.00099348538974
3	80.0	0.0	63.0	0.0	29.0	1.0	9.0	62.81522041482817
4	85.0	0.0	78.0	0.0	25.0	1.0	10.0	67.43698821091776
5	83.0	0.0	64.0	0.0	23.0	1.0	9.0	98.08595490196306
6	100.0	0.0	81.0	1.0	41.0	1.0	4.0	147.32187923850242
7	71.0	1.0	68.0	1.0	68.0	1.0	9.0	205.2216697838766
8	97.0	0.0	38.0	1.0	28.0	1.0	15.0	50.416677948652065
9	73.0	1.0	73.0	1.0	45.0	1.0	8.0	141.88281848232455
10	63.0	1.0	54.0	1.0	53.0	1.0	4.0	93.53336237016686
11	98.0	0.0	50.0	1.0	48.0	1.0	8.0	189.06189796011606
12	100.0	1.0	93.0	1.0	88.0	1.0	9.0	458.3372027441495
13	72.0	1.0	68.0	1.0	68.0	1.0	3.0	158.88099954009627
14	98.0	0.0	50.0	0.0	23.0	1.0	7.0	72.64715034946786
15	96.0	1.0	95.0	1.0	52.0	1.0	8.0	361.34723491880453
90
587	233	220
15
1	83.0	1.0	70.0	1.0	61.0	1.0	7.0	181.3348844299743
2	99.0	0.0	41.0	1.0	41.0	1.0	10.0	86.82960253890607
3	97.0	0.0	53.0	1.0	37.0	1.0	10.0	137.48782403890425
4	86.0	0.0	85.0	0.0	23.0	1.0	13.0	72.74281291236733
5	97.0	0.0	65.0	1.0	42.0	1.0	8.0	206.46750669551645
6	59.0	1.0	54.0	1.0	37.0	1.0	14.0	59.85593448363921
7	97.0	0.0	58.0	0.0	24.0	1.0	10.0	48.73733653654564
8	83.0	0.0	55.0	1.0	36.0	1.0	6.0	125.43623752621615
9	94.0	0.0	51.0	1.0	40.0	1.0	13.0	133.18538155091431
10	76.0	1.0	69.0	1.0	41.0	1.0	15.0	166.15059753358133
11	79.0	0.0	78.0	0.0	22.0	1.0	12.0	96.6571929424769
12	51.0	0.0	40.0	1.0	22.0	1.0	7.0	29.971802666686123
13	97.0	0.0	84.0	0.0	39.0	1.0	10.0	246.28982079872944
14	98.0	0.0	44.0	1.0	33.0	1.0	11.0	54.488487317098006
15	94.0	0.0	80.0	0.0	39.0	1.0	11.0	176.88747045630663
91
587	233	220
15
1	97.0	1.0	73.0	1.0	63.0	1.0	13.0	226.3707680566761
2	57.0	1.0	49.0	1.0	47.0	1.0	10.0	93.11607974710104
3	55.0	0.0	47.0	1.0	25.0	1.0	13.0	39.44362538062122
4	55.0	1.0	49.0	1.0	35.0	1.0	13.0	63.558305105080755
5	63.0	1.0	54.0	1.0	34.0	1.0	12.0	86.02667294035645
6	77.0	0.0	53.0	1.0	37.0	1.0	11.0	143.72477538351504
7	89.0	0.0	72.0	0.0	20.0	1.0	10.0	47.28196259520541
8	96.0	0.0	52.0	1.0	38.0	1.0	7.0	109.69005366736963
9	99.0	0.0	73.0	1.0	45.0	1.0	14.0	205.95836819937256
10	90.0	1.0	72.0	1.0	52.0	1.0	13.0	246.78770056270932
11	75.0	0.0	73.0	1.0	37.0	1.0	10.0	61.52023929490199
12	78.0	1.0	70.0	1.0	48.0	1.0	7.0	130.62836139449448
13	92.0	0.0	30.0	1.0	30.0	1.0	15.0	45.305825227852495
14	92.0	0.0	29.0	1.0	24.0	1.0	8.0	51.43963729855716
15	79.0	0.0	62.0	0.0	21.0	1.0	6.0	43.75231028595931
92
587	233	220
15
1	86.0	1.0	55.0	1.0	54.0	1.0	7.0	208.86821051799868
2	89.0	0.0	60.0	0.0	22.0	1.0	9.0	51.812649292968416
3	82.0	0.0	60.0	1.0	34.0	1.0	8.0	87.73868898900324
4	74.0	1.0	72.0	1.0	62.0	1.0	9.0	107.10859093291349
5	96.0	0.0	79.0	0.0	29.0	1.0	10.0	94.83205907833447
6	89.0	0.0	30.0	1.0	20.0	1.0	8.0	36.88643955337179
7	93.0	0.0	47.0	0.0	20.0	1.0	14.0	64.55321054952859
8	74.0	0.0	68.0	0.0	21.0	1.0	8.0	58.80397309065558
9	99.0	0.0	97.0	0.0	28.0	1.0	9.0	136.23128946473346
10	62.0	1.0	59.0	1.0	40.0	1.0	7.0	76.07535857675931
11	90.0	0.0	84.0	0.0	34.0	1.0	7.0	93.48145713430682
12	78.0	1.0	67.0	1.0	60.0	1.0	7.0	114.13957143581715
13	92.0	1.0	91.0	1.0	64.0	1.0	12.0	407.34955520244995
14	66.0	0.0	24.0	1.0	23.0	1.0	13.0	31.72184032633166
15	90.0	1.0	79.0	1.0	68.0	1.0	8.0	375.3183517138194
93
587	233	220
15
1	100.0	1.0	91.0	1.0	51.0	1.0	4.0	307.35526225465134
2	72.0	0.0	25.0	1.0	22.0	1.0	5.0	25.93027008222738
3	97.0	1.0	88.0	1.0	60.0	1.0	5.0	233.42201073482605
4	97.0	0.0	54.0	1.0	36.0	1.0	8.0	132.55047512310708
5	51.0	1.0	50.0	1.0	46.0	1.0	13.0	73.45852472921855
6	74.0	0.0	46.0	1.0	26.0	1.0	6.0	61.58952330404207
7	86.0	0.0	53.0	1.0	39.0	1.0	3.0	86.8283479108086
8	99.0	0.0	72.0	0.0	24.0	1.0	12.0	118.69376971716079
9	98.0	0.0	87.0	0.0	30.0	1.0	12.0	139.41216441610092
10	82.0	1.0	75.0	1.0	48.0	1.0	10.0	154.02573226061966
11	85.0	1.0	84.0	1.0	67.0	1.0	10.0	310.9275354563443
12	65.0	0.0	61.0	0.0	21.0	1.0	7.0	71.66521418479579
13	86.0	1.0	81.0	1.0	80.0	1.0	6.0	477.18405202173113
14	93.0	1.0	73.0	1.0	51.0	1.0	10.0	142.03980528713444
15	85.0	0.0	44.0	0.0	20.0	1.0	9.0	44.02757055555722
94
587	233	220
15
1	72.0	0.0	41.0	1.0	28.0	1.0	12.0	46.10998509947356
2	83.0	0.0	77.0	0.0	33.0	1.0	13.0	192.48260443851393
3	81.0	1.0	69.0	1.0	68.0	1.0	6.0	286.13888828040734
4	74.0	1.0	70.0	1.0	65.0	1.0	9.0	142.37450989736652
5	76.0	0.0	57.0	0.0	27.0	1.0	4.0	41.43661706027204
6	68.0	1.0	36.0	1.0	36.0	1.0	10.0	40.18974097608737
7	97.0	0.0	73.0	0.0	29.0	1.0	10.0	89.73771278008644
8	57.0	1.0	40.0	1.0	32.0	1.0	3.0	31.81702035515846
9	84.0	1.0	58.0	1.0	47.0	1.0	7.0	130.53305382436574
10	83.0	1.0	71.0	1.0	51.0	1.0	8.0	288.7673461275795
11	92.0	0.0	56.0	1.0	46.0	1.0	13.0	171.20499688080784
12	60.0	1.0	40.0	1.0	37.0	1.0	6.0	49.8833672064712
13	94.0	0.0	85.0	0.0	37.0	1.0	15.0	246.77400354526398
14	99.0	0.0	72.0	1.0	41.0	1.0	7.0	182.9333306801073
15	98.0	1.0	92.0	1.0	50.0	1.0	7.0	302.8900042456346
95
587	233	220
15
1	77.0	0.0	71.0	0.0	24.0	1.0	18.0	87.3263179199121
2	82.0	0.0	39.0	1.0	35.0	1.0	19.0	86.95196005427805
3	80.0	1.0	63.0	1.0	44.0	1.0	8.0	153.2639609879496
4	72.0	0.0	60.0	0.0	28.0	1.0	15.0	74.77735939617327
5	63.0	0.0	61.0	0.0	21.0	1.0	13.0	35.82069488309634
6	73.0	1.0	66.0	1.0	52.0	1.0	13.0	120.73169366209369
7	75.0	1.0	63.0	1.0	57.0	1.0	12.0	162.7163461094251
8	93.0	0.0	43.0	1.0	26.0	1.0	10.0	56.105079519252
9	77.0	0.0	60.0	0.0	25.0	1.0	11.0	37.31847505409605
10	98.0	0.0	65.0	1.0	41.0	1.0	17.0	160.8128357257835
11	73.0	0.0	64.0	0.0	32.0	1.0	13.0	89.22615988655737
12	87.0	0.0	73.0	0.0	29.0	1.0	14.0	176.5085826203089
13	93.0	0.0	48.0	1.0	26.0	1.0	10.0	42.24865961803753
14	66.0	0.0	45.0	1.0	32.0	1.0	12.0	44.08308981783589
15	100.0	0.0	37.0	1.0	22.0	1.0	11.0	47.85796187408779
96
587	233	220
15
1	87.0	1.0	79.0	1.0	77.0	1.0	7.0	222.739938225493
2	79.0	0.0	69.0	0.0	31.0	1.0	9.0	72.90985400395124
3	87.0	1.0	85.0	1.0	55.0	1.0	7.0	275.6547043592027
4	90.0	1.0	86.0	1.0	81.0	1.0	7.0	345.2677307516724
5	82.0	0.0	55.0	1.0	39.0	1.0	6.0	73.35953008831815
6	94.0	0.0	71.0	0.0	28.0	1.0	6.0	153.940283655484
7	58.0	0.0	38.0	1.0	23.0	1.0	10.0	41.014900291252594
8	88.0	0.0	84.0	0.0	41.0	1.0	10.0	143.62690598481203
9	89.0	0.0	71.0	1.0	38.0	1.0	9.0	161.0451630305182
10	81.0	0.0	43.0	1.0	34.0	1.0	10.0	100.63606367739159
11	64.0	0.0	32.0	1.0	23.0	1.0	9.0	33.847219751204015
12	71.0	0.0	50.0	0.0	23.0	1.0	7.0	42.33967545388285
13	88.0	1.0	72.0	1.0	57.0	1.0	6.0	255.406998757019
14	58.0	1.0	43.0	1.0	35.0	1.0	13.0	59.76638333851129
15	96.0	0.0	95.0	0.0	28.0	1.0	16.0	165.43514938561955
97
587	233	220
15
1	60.0	0.0	45.0	1.0	29.0	1.0	12.0	37.71472404861843
2	82.0	0.0	42.0	0.0	21.0	1.0	17.0	34.35804638989163
3	98.0	0.0	78.0	0.0	31.0	1.0	10.0	121.78136760951631
4	94.0	0.0	93.0	0.0	27.0	1.0	15.0	145.2632459942325
5	61.0	0.0	38.0	1.0	25.0	1.0	12.0	40.18555501843034
6	61.0	0.0	20.0	1.0	20.0	1.0	20.0	11.896023854263708
7	92.0	0.0	81.0	0.0	28.0	1.0	8.0	78.78722695893697
8	86.0	0.0	67.0	0.0	27.0	1.0	9.0	70.14481198162102
9	86.0	0.0	72.0	1.0	39.0	1.0	13.0	150.280559179599
10	93.0	0.0	88.0	0.0	36.0	1.0	19.0	143.31245625166807
11	51.0	1.0	44.0	1.0	36.0	1.0	14.0	34.222164226668184
12	47.0	1.0	43.0	1.0	40.0	1.0	13.0	35.11119583207091
13	99.0	1.0	78.0	1.0	54.0	1.0	10.0	177.47525277189303
14	96.0	0.0	59.0	0.0	26.0	1.0	9.0	62.09350585678199
15	99.0	0.0	45.0	0.0	22.0	1.0	13.0	38.61851067462234
98
587	233	220
15
1	82.0	0.0	54.0	1.0	37.0	1.0	7.0	79.69562969415686
2	67.0	0.0	35.0	1.0	25.0	1.0	7.0	39.71186435912153
3	96.0	1.0	71.0	1.0	69.0	1.0	9.0	330.41187232057376
4	78.0	1.0	58.0	1.0	58.0	1.0	9.0	139.64954888136202
5	85.0	1.0	66.0	1.0	46.0	1.0	5.0	152.23892134692687
6	95.0	1.0	81.0	1.0	56.0	1.0	7.0	231.41192735740492
7	54.0	0.0	50.0	1.0	27.0	1.0	8.0	33.86685187569079
8	73.0	0.0	73.0	0.0	29.0	1.0	13.0	46.87238883015727
9	55.0	0.0	30.0	1.0	24.0	1.0	6.0	23.98905099540657
10	94.0	0.0	59.0	1.0	39.0	1.0	6.0	183.818737934255
11	78.0	1.0	66.0	1.0	54.0	1.0	6.0	123.90885459136923
12	98.0	1.0	96.0	1.0	56.0	1.0	8.0	203.43410200049598
13	84.0	0.0	70.0	1.0	40.0	1.0	8.0	165.41333444054007
14	62.0	1.0	57.0	1.0	46.0	1.0	6.0	59.44392634494434
15	99.0	1.0	93.0	1.0	70.0	1.0	7.0	362.52091371295325
99
587	233	220
15
1	86.0	0.0	41.0	1.0	28.0	1.0	11.0	72.93990708911865
2	54.0	1.0	52.0	1.0	48.0	1.0	7.0	55.223648667587376
3	95.0	0.0	76.0	0.0	35.0	1.0	13.0	89.61367364292892
4	75.0	1.0	68.0	1.0	41.0	1.0	10.0	84.29315975471332
5	77.0	0.0	65.0	1.0	37.0	1.0	7.0	66.40657402421333
6	96.0	0.0	51.0	1.0	46.0	1.0	11.0	104.83198777884108
7	97.0	1.0	90.0	1.0	79.0	1.0	10.0	474.23653535607446
8	65.0	0.0	52.0	0.0	25.0	1.0	8.0	50.059007810209316
9	77.0	1.0	57.0	1.0	55.0	1.0	5.0	178.3480950583276
10	92.0	0.0	75.0	0.0	30.0	1.0	6.0	146.83500029606594
11	96.0	0.0	61.0	1.0	33.0	1.0	8.0	77.08776213631457
12	68.0	0.0	34.0	1.0	29.0	1.0	9.0	25.849749994159875
13	71.0	0.0	59.0	1.0	33.0	1.0	9.0	59.342389627995146
14	72.0	0.0	57.0	0.0	20.0	1.0	6.0	67.71350484799638
15	89.0	1.0	81.0	1.0	69.0	1.0	10.0	335.49696310104963
100
587	233	220
15
1	70.0	1.0	51.0	1.0	40.0	1.0	9.0	129.7248694980221
2	100.0	1.0	86.0	1.0	79.0	1.0	5.0	362.9776751571419
3	96.0	0.0	88.0	0.0	35.0	1.0	8.0	198.21100942901197
4	99.0	0.0	78.0	1.0	46.0	1.0	5.0	137.88102400470734
5	63.0	1.0	39.0	1.0	33.0	1.0	11.0	62.39466121798407
6	87.0	0.0	40.0	1.0	35.0	1.0	9.0	73.01367158187233
7	71.0	1.0	68.0	1.0	47.0	1.0	6.0	76.42096669569663
8	93.0	0.0	78.0	1.0	40.0	1.0	3.0	290.80378737903806
9	91.0	1.0	90.0	1.0	64.0	1.0	12.0	251.28785424906314
10	40.0	1.0	38.0	1.0	36.0	1.0	13.0	26.206731949462846
11	94.0	0.0	63.0	1.0	39.0	1.0	7.0	146.9233359025595
12	78.0	1.0	63.0	1.0	56.0	1.0	11.0	139.9169370160981
13	74.0	0.0	39.0	1.0	32.0	1.0	6.0	50.88336055020591
14	86.0	1.0	85.0	1.0	81.0	1.0	7.0	336.6503053624366
15	84.0	0.0	44.0	1.0	30.0	1.0	6.0	39.876393162819554
